D:\Huy\datasets\ahuyboom\hard\img\101.png   6.935064357338974   1.8039086361084602   0.0412749615070387   1.2307692307692308  
D:\Huy\datasets\ahuyboom\hard\img\103.png   5.4032879654815575   0.8464190392712045   0.07274509803921568   2.0  
D:\Huy\datasets\ahuyboom\hard\img\104.png   6.598039893034415   2.754009675957825   0.07426107845159516   1.8333333333333333  
D:\Huy\datasets\ahuyboom\hard\img\1046.png   6.9308598609189485   1.4091158927896414   0.015463867187499999   0.4  
D:\Huy\datasets\ahuyboom\hard\img\105.png   6.31141325921636   1.6291999786539013   0.0250544898239824   0.8  
D:\Huy\datasets\ahuyboom\hard\img\106.png   6.357174411908873   2.203851435910317   0.052408443969396944   1.6363636363636365  
D:\Huy\datasets\ahuyboom\hard\img\1069.png   6.396242327367834   0.5273220418127277   0.02981800343389748   2.1481481481481484  
D:\Huy\datasets\ahuyboom\hard\img\1070.png   5.343479598215857   0.5996251533776257   0.05135042746389125   1.6363636363636365  
D:\Huy\datasets\ahuyboom\hard\img\1071.png   6.564440214309699   1.0732240501449393   0.05107778078728783   2.4615384615384617  
D:\Huy\datasets\ahuyboom\hard\img\1072.png   6.232326131948945   0.40666100599410054   0.019340086996336995   1.1428571428571428  
D:\Huy\datasets\ahuyboom\hard\img\1073.png   6.7595009486237725   1.841189263768695   0.046113636363636364   2.0  
D:\Huy\datasets\ahuyboom\hard\img\1074.png   6.32135640710874   0.4853958663021269   0.05502085892710892   3.4545454545454546  
D:\Huy\datasets\ahuyboom\hard\img\1075.png   6.760839255762252   1.1158083600441335   0.040024577966432474   2.3333333333333335  
D:\Huy\datasets\ahuyboom\hard\img\1076.png   6.628346941414189   1.2790730018677277   0.03888148607866044   2.0  
D:\Huy\datasets\ahuyboom\hard\img\1077.png   6.545493454159194   1.158915918528314   0.019394941757406938   0.7272727272727273  
D:\Huy\datasets\ahuyboom\hard\img\1078.png   6.1668754401915855   0.27509772096939006   0.029056112944432614   1.6363636363636365  
D:\Huy\datasets\ahuyboom\hard\img\108.png   6.878860941203584   2.1631202849035756   0.060226510932343234   2.5  
D:\Huy\datasets\ahuyboom\hard\img\1082.png   5.5727552883310345   0.43607092055052   0.023706933864265926   1.0  
D:\Huy\datasets\ahuyboom\hard\img\1085.png   5.675688784278034   1.204564680827115   0.10181542092231509   2.4444444444444446  
D:\Huy\datasets\ahuyboom\hard\img\1089.png   6.981411984750829   1.2393224264772071   0.025345257350376675   1.4285714285714286  
D:\Huy\datasets\ahuyboom\hard\img\109.png   4.977600505704359   2.183446430377124   0.2116151849559956   2.3333333333333335  
D:\Huy\datasets\ahuyboom\hard\img\1093.png   6.407344960147247   1.7542993356401826   0.02615209726186899   0.7692307692307693  
D:\Huy\datasets\ahuyboom\hard\img\1096.png   6.530329253951956   1.1056022782289499   0.01806941399207482   0.7692307692307693  
D:\Huy\datasets\ahuyboom\hard\img\1103.png   6.6055433402674915   0.8007784351588111   0.024091793940617487   1.5384615384615385  
D:\Huy\datasets\ahuyboom\hard\img\112.png   4.556389256834458   0.9985210413801301   0.11252320544554456   1.75  
D:\Huy\datasets\ahuyboom\hard\img\1122.png   6.814468457328655   0.6949963690781233   0.013795419172807173   0.9090909090909091  
D:\Huy\datasets\ahuyboom\hard\img\113.png   4.724707627133809   0.8158403904907984   0.11040522509282177   2.25  
D:\Huy\datasets\ahuyboom\hard\img\114.png   5.525723844805608   2.268529917991118   0.11540483475430878   2.2222222222222223  
D:\Huy\datasets\ahuyboom\hard\img\117.png   6.395395427110438   1.4136784044763173   0.04694577660891088   2.1333333333333333  
D:\Huy\datasets\ahuyboom\hard\img\119.png   5.054025461568044   1.1751323790964423   0.06326534997249726   1.3333333333333333  
D:\Huy\datasets\ahuyboom\hard\img\120.png   6.646867611489703   2.271192514310516   0.05295560024752475   1.6  
D:\Huy\datasets\ahuyboom\hard\img\122.png   4.3968889023946485   1.3348537184099356   0.08923260880775577   1.2  
D:\Huy\datasets\ahuyboom\hard\img\123.png   6.896486470159654   1.8778676238046768   0.047870470640814095   2.533333333333333  
D:\Huy\datasets\ahuyboom\hard\img\124.png   5.557162790851255   1.2844792807800418   0.035925037816281626   0.6666666666666666  
D:\Huy\datasets\ahuyboom\hard\img\125.png   4.11263702128819   1.858870649745875   0.17251422407865788   1.3333333333333333  
D:\Huy\datasets\ahuyboom\hard\img\126.png   3.8676775195395754   1.4275426639715125   0.18206592924917492   1.6  
D:\Huy\datasets\ahuyboom\hard\img\13.png   6.020629711995071   2.0918787716276293   0.04377105679317932   0.0  
D:\Huy\datasets\ahuyboom\hard\img\135.png   6.628068582819692   1.5176929827717611   0.032477678571428574   1.4285714285714286  
D:\Huy\datasets\ahuyboom\hard\img\136.png   5.626676185235259   1.9540368172731026   0.04692041469771977   0.7272727272727273  
D:\Huy\datasets\ahuyboom\hard\img\137.png   5.98707423187207   1.8666447830516821   0.033083828751178684   1.0  
D:\Huy\datasets\ahuyboom\hard\img\138.png   5.934938822977108   1.7483234275027948   0.03201517539449257   1.0  
D:\Huy\datasets\ahuyboom\hard\img\139.png   6.69554279334978   2.2773043137761775   0.057112054676449794   2.0  
D:\Huy\datasets\ahuyboom\hard\img\140.png   5.363520034143204   1.4432031743365428   0.11761993163602076   2.857142857142857  
D:\Huy\datasets\ahuyboom\hard\img\141.png   6.816658667649528   2.2305102270059782   0.055845428292829284   2.0  
D:\Huy\datasets\ahuyboom\hard\img\143.png   6.101437736766493   1.3146657764817864   0.04478479097909791   1.6666666666666667  
D:\Huy\datasets\ahuyboom\hard\img\146.png   6.624368815349293   2.195291761266199   0.04584912592821782   1.4  
D:\Huy\datasets\ahuyboom\hard\img\152.png   5.89556520198458   2.3859162879988207   0.08232498394348106   1.6  
D:\Huy\datasets\ahuyboom\hard\img\153.png   6.443722969095063   2.428754273367714   0.05257893499403615   1.4285714285714286  
D:\Huy\datasets\ahuyboom\hard\img\154.png   6.943949883366064   2.708322295509526   0.08085686616891459   2.0  
D:\Huy\datasets\ahuyboom\hard\img\155.png   4.521141508432171   2.4998109240872113   0.1306363399165061   1.0  
D:\Huy\datasets\ahuyboom\hard\img\158.png   5.453355327929882   1.8334141344687933   0.06673685121628131   1.5  
D:\Huy\datasets\ahuyboom\hard\img\159.png   6.81467679714545   2.8965176872211233   0.06607497279312066   1.7777777777777777  
D:\Huy\datasets\ahuyboom\hard\img\160.png   6.767579657068378   2.3524874490724854   0.05970187281452936   2.2222222222222223  
D:\Huy\datasets\ahuyboom\hard\img\161.png   5.218437414018313   1.723723645620157   0.14384723114251052   2.888888888888889  
D:\Huy\datasets\ahuyboom\hard\img\163.png   4.861009426446408   1.5355575305937184   0.1732024225272961   2.3333333333333335  
D:\Huy\datasets\ahuyboom\hard\img\164.png   5.618882755011664   2.9428447042921326   0.17346743871761938   2.3333333333333335  
D:\Huy\datasets\ahuyboom\hard\img\165.png   6.6327427150520375   2.549078955306753   0.06511363750401412   1.5  
D:\Huy\datasets\ahuyboom\hard\img\166.png   6.4949593845877915   3.6888601752486787   0.08005671630807108   0.3333333333333333  
D:\Huy\datasets\ahuyboom\hard\img\167.png   5.513536482603306   2.1549507075692342   0.06936487865859255   0.8571428571428571  
D:\Huy\datasets\ahuyboom\hard\img\168.png   5.777775668886232   2.0502063372620016   0.08388991750963391   1.75  
D:\Huy\datasets\ahuyboom\hard\img\169.png   5.58195985188524   2.0865606462429667   0.08501293302424534   1.5  
D:\Huy\datasets\ahuyboom\hard\img\17.png   4.8808420075150245   1.5416584368936241   0.06326102580961221   0.75  
D:\Huy\datasets\ahuyboom\hard\img\170.png   4.2098465028380945   1.1644106825940472   0.20793284026439737   2.3333333333333335  
D:\Huy\datasets\ahuyboom\hard\img\171.png   3.183193669796871   1.9490965996314547   0.39341532193320483   1.3333333333333333  
D:\Huy\datasets\ahuyboom\hard\img\173.png   6.523425877270828   1.8433411187427846   0.04938997772157997   1.6666666666666667  
D:\Huy\datasets\ahuyboom\hard\img\174.png   6.52244281337318   2.1647002347006077   0.04446884852863899   1.0909090909090908  
D:\Huy\datasets\ahuyboom\hard\img\176.png   6.472602294327699   2.325503962221494   0.059917865431774395   1.4545454545454546  
D:\Huy\datasets\ahuyboom\hard\img\179.png   6.504865454177772   2.368360930844594   0.05049213230571612   1.2  
D:\Huy\datasets\ahuyboom\hard\img\18.png   5.923970190047008   3.298138775800259   0.05725678687660433   1.1111111111111112  
D:\Huy\datasets\ahuyboom\hard\img\180.png   5.458842823697933   2.0891785196208117   0.09468554311175338   1.5  
D:\Huy\datasets\ahuyboom\hard\img\183.png   5.3580211063238385   1.7792870859860446   0.08071718699823378   1.5  
D:\Huy\datasets\ahuyboom\hard\img\184.png   4.2587405318161435   1.0696983047707773   0.11392788329204515   1.4285714285714286  
D:\Huy\datasets\ahuyboom\hard\img\188.png   4.686640584936611   1.007683158630851   0.08860271488974523   1.6666666666666667  
D:\Huy\datasets\ahuyboom\hard\img\189.png   6.313686551425033   1.9091628857996237   0.055029202793834296   1.6  
D:\Huy\datasets\ahuyboom\hard\img\190.png   3.8283261455706183   0.6206817693964577   0.08507421122350674   0.5  
D:\Huy\datasets\ahuyboom\hard\img\191.png   2.2016311198262946   0.6348049987548721   0.23877824943802184   0.0  
D:\Huy\datasets\ahuyboom\hard\img\192.png   2.583495776569632   0.00876464594534454   0.16683927424534362   0.0  
D:\Huy\datasets\ahuyboom\hard\img\193.png   2.635314128609682   0.3237439035598064   0.165019619059088   0.0  
D:\Huy\datasets\ahuyboom\hard\img\200.png   4.883370664427959   1.9055592686403637   0.21824612636480412   2.4  
D:\Huy\datasets\ahuyboom\hard\img\206.png   6.572121099952533   3.4492848133222482   0.10411782808820381   1.3333333333333333  
D:\Huy\datasets\ahuyboom\hard\img\207.png   6.991590958659572   1.9504790070300768   0.04190801621708414   2.2666666666666666  
D:\Huy\datasets\ahuyboom\hard\img\208.png   6.178028556521542   2.391447219798608   0.0802909365968208   2.25  
D:\Huy\datasets\ahuyboom\hard\img\209.png   6.929058346141865   1.818466244022898   0.05386395405946579   3.0588235294117645  
D:\Huy\datasets\ahuyboom\hard\img\21.png   6.958218069644484   1.877961729432196   0.03252427977172718   1.2  
D:\Huy\datasets\ahuyboom\hard\img\210.png   4.7077923087803155   0.7870505955699106   0.09993527215799615   2.0  
D:\Huy\datasets\ahuyboom\hard\img\211.png   5.091488317288899   1.0419760464724293   0.07356921363198458   1.5  
D:\Huy\datasets\ahuyboom\hard\img\212.png   6.368129894584632   2.960376142382999   0.06233943481053307   1.1111111111111112  
D:\Huy\datasets\ahuyboom\hard\img\214.png   6.742642337024672   3.0414049354085186   0.09773514470443352   1.4285714285714286  
D:\Huy\datasets\ahuyboom\hard\img\216.png   6.631028481111185   2.5970302481846548   0.053254460009578536   0.5  
D:\Huy\datasets\ahuyboom\hard\img\217.png   6.308452959983744   2.1553280055920285   0.03975402241835431   0.5714285714285714  
D:\Huy\datasets\ahuyboom\hard\img\218.png   4.641674457675835   3.1870040600612692   0.1979221543742018   0.6666666666666666  
D:\Huy\datasets\ahuyboom\hard\img\220.png   5.276230244010818   2.897178622933189   0.15067199473180076   1.3333333333333333  
D:\Huy\datasets\ahuyboom\hard\img\223.png   6.809104207353423   2.3603673515209187   0.052765535968660966   1.8461538461538463  
D:\Huy\datasets\ahuyboom\hard\img\224.png   6.89532590073225   2.7180552428713693   0.06126688717273308   1.75  
D:\Huy\datasets\ahuyboom\hard\img\225.png   6.595128698096174   2.5575174265958   0.05293021409819782   1.5555555555555556  
D:\Huy\datasets\ahuyboom\hard\img\226.png   4.355021677254931   2.4901574327750677   0.297644526261175   2.0  
D:\Huy\datasets\ahuyboom\hard\img\227.png   6.1785816427174876   2.0599984116464425   0.06282171685424649   1.0  
D:\Huy\datasets\ahuyboom\hard\img\228.png   5.673469877219029   1.8848053485423044   0.0679622645274585   0.8571428571428571  
D:\Huy\datasets\ahuyboom\hard\img\229.png   5.9752397596052775   2.668056958792138   0.10589158855592044   2.0  
D:\Huy\datasets\ahuyboom\hard\img\230.png   3.8976252237453806   2.2538183560938108   0.14859015804597703   0.8  
D:\Huy\datasets\ahuyboom\hard\img\232.png   5.6296324882512465   1.4776960951628662   0.12031470933679986   3.142857142857143  
D:\Huy\datasets\ahuyboom\hard\img\233.png   6.304819385025475   1.8808552083290113   0.039132272281517964   1.7142857142857142  
D:\Huy\datasets\ahuyboom\hard\img\234.png   4.598782258085724   2.6205982654852047   0.09317491319444444   0.0  
D:\Huy\datasets\ahuyboom\hard\img\235.png   6.604581213614534   1.402398787492219   0.04164571360153257   1.5555555555555556  
D:\Huy\datasets\ahuyboom\hard\img\236.png   5.7148038988136   2.8542987528978307   0.1231728784665207   1.4285714285714286  
D:\Huy\datasets\ahuyboom\hard\img\237.png   6.47625035406408   3.123647826683688   0.08998605623403574   1.75  
D:\Huy\datasets\ahuyboom\hard\img\238.png   3.681725457808833   0.6054803728820475   0.2361391483077905   2.0  
D:\Huy\datasets\ahuyboom\hard\img\239.png   4.254804719233242   2.234100109846025   0.22452286877394637   1.6  
D:\Huy\datasets\ahuyboom\hard\img\240.png   6.337325488828611   2.220966456793901   0.08216558545222338   2.1818181818181817  
D:\Huy\datasets\ahuyboom\hard\img\241.png   5.963912438224039   1.9351893267883644   0.0957983561267206   2.2222222222222223  
D:\Huy\datasets\ahuyboom\hard\img\242.png   4.740527224203009   1.377546592959474   0.13942649714639208   2.0  
D:\Huy\datasets\ahuyboom\hard\img\243.png   4.895938667026895   2.0956283524263206   0.12190692848020435   1.7142857142857142  
D:\Huy\datasets\ahuyboom\hard\img\244.png   4.5151567480090335   1.457348008512524   0.10428839399744572   1.5  
D:\Huy\datasets\ahuyboom\hard\img\245.png   5.2684483720055875   1.2102344962040936   0.07167971521569463   1.7777777777777777  
D:\Huy\datasets\ahuyboom\hard\img\246.png   4.8564358140515695   2.0808462920197335   0.12337314415708812   1.7142857142857142  
D:\Huy\datasets\ahuyboom\hard\img\247.png   5.336605306459912   1.0712540593803273   0.07077066121886974   1.5  
D:\Huy\datasets\ahuyboom\hard\img\248.png   6.427255446029491   1.4470847218140097   0.02690765542328042   1.1428571428571428  
D:\Huy\datasets\ahuyboom\hard\img\249.png   5.056428753966777   2.161840625984482   0.09137921056832696   0.8  
D:\Huy\datasets\ahuyboom\hard\img\250.png   5.447299418316209   3.2091365070342013   0.11014228128991059   0.5  
D:\Huy\datasets\ahuyboom\hard\img\251.png   6.111120994999477   0.9216719775668327   0.017966255587484038   0.0  
D:\Huy\datasets\ahuyboom\hard\img\252.png   6.2346262289701855   2.2693862211264966   0.09031269955300128   2.0  
D:\Huy\datasets\ahuyboom\hard\img\253.png   5.70928548813735   2.689480903983909   0.08489599962750109   0.6666666666666666  
D:\Huy\datasets\ahuyboom\hard\img\254.png   5.542796482380825   2.9182529034354094   0.10579242496807151   0.4  
D:\Huy\datasets\ahuyboom\hard\img\255.png   6.904494281722296   3.477047985751897   0.11240612694231589   2.3333333333333335  
D:\Huy\datasets\ahuyboom\hard\img\256.png   4.209975250422938   1.5638805404428775   0.11919134472115794   1.3333333333333333  
D:\Huy\datasets\ahuyboom\hard\img\257.png   5.052609172081777   1.5267109505443517   0.086976284234426   1.3333333333333333  
D:\Huy\datasets\ahuyboom\hard\img\258.png   5.3802387795076365   1.1887806216724768   0.05481165938298212   1.25  
D:\Huy\datasets\ahuyboom\hard\img\259.png   4.797677833495402   1.5360526256442169   0.16926320755792737   2.2857142857142856  
D:\Huy\datasets\ahuyboom\hard\img\260.png   6.729330256098537   1.3918469676604988   0.02581122132576874   1.5384615384615385  
D:\Huy\datasets\ahuyboom\hard\img\261.png   6.0829742834049805   1.5302707238500834   0.04004026813271605   1.5  
D:\Huy\datasets\ahuyboom\hard\img\263.png   5.221244278666456   2.1455665529559624   0.09195102969348659   1.0  
D:\Huy\datasets\ahuyboom\hard\img\264.png   5.235658418742941   2.164934830078163   0.0929764826787995   1.0  
D:\Huy\datasets\ahuyboom\hard\img\265.png   4.277043546613179   1.763095526568718   0.11385908065932313   1.0  
D:\Huy\datasets\ahuyboom\hard\img\266.png   4.167525221351826   1.0034473857109085   0.0746800167624521   0.4  
D:\Huy\datasets\ahuyboom\hard\img\268.png   6.770136027986501   1.7201113741397842   0.021099370742869307   1.2  
D:\Huy\datasets\ahuyboom\hard\img\269.png   6.114066750268723   2.088054739813598   0.04832838013018536   1.4545454545454546  
D:\Huy\datasets\ahuyboom\hard\img\270.png   5.169403708779176   2.0024421102016174   0.17249981037621356   2.0  
D:\Huy\datasets\ahuyboom\hard\img\271.png   6.986144482274049   1.9235322804355874   0.02816148821344513   1.4545454545454546  
D:\Huy\datasets\ahuyboom\hard\img\272.png   6.241306220422619   2.041016335775118   0.035586253539644015   1.6  
D:\Huy\datasets\ahuyboom\hard\img\273.png   6.400705641533241   1.3483412799841197   0.04529423290857605   1.8  
D:\Huy\datasets\ahuyboom\hard\img\274.png   5.051181479764098   2.9535137924787116   0.14441982345122514   1.4285714285714286  
D:\Huy\datasets\ahuyboom\hard\img\276.png   6.928074346568631   2.0905328114975013   0.03780057801219816   1.5384615384615385  
D:\Huy\datasets\ahuyboom\hard\img\278.png   5.586080456359591   1.940603768333295   0.057915781755663434   1.2  
D:\Huy\datasets\ahuyboom\hard\img\2781.png   6.961829998724342   0.3715244347276635   0.008290085565476191   0.0  
D:\Huy\datasets\ahuyboom\hard\img\2782.png   6.956201259527432   0.4554766669574836   0.00900297619047619   0.2857142857142857  
D:\Huy\datasets\ahuyboom\hard\img\2785.png   6.97570458297461   0.8284692543195801   0.010049913194444446   0.6666666666666666  
D:\Huy\datasets\ahuyboom\hard\img\2786.png   6.311596510870726   0.6262594230237658   0.01439453125   0.3333333333333333  
D:\Huy\datasets\ahuyboom\hard\img\2787.png   6.322856318538524   0.6406877635972563   0.014583333333333335   0.3333333333333333  
D:\Huy\datasets\ahuyboom\hard\img\2788.png   6.863719101973118   1.1522068747577965   0.012519996279761905   0.2857142857142857  
D:\Huy\datasets\ahuyboom\hard\img\2789.png   6.684892656379259   0.9663606453927281   0.013472222222222224   0.3333333333333333  
D:\Huy\datasets\ahuyboom\hard\img\2790.png   6.90852642151345   1.326680941742944   0.011790364583333334   0.0  
D:\Huy\datasets\ahuyboom\hard\img\2791.png   6.7221465664937865   1.2523113117238314   0.013721354166666666   0.4  
D:\Huy\datasets\ahuyboom\hard\img\2795.png   6.9645771467829105   1.489617141451859   0.014572172619047618   0.2857142857142857  
D:\Huy\datasets\ahuyboom\hard\img\2796.png   6.458200330567356   1.186970511712701   0.01793684895833333   0.8  
D:\Huy\datasets\ahuyboom\hard\img\2797.png   6.492005654448363   1.5792218425390143   0.02099609375   0.3333333333333333  
D:\Huy\datasets\ahuyboom\hard\img\2799.png   6.993030779048624   1.6167046604927757   0.016749855324074074   0.2222222222222222  
D:\Huy\datasets\ahuyboom\hard\img\28.png   5.429784192290971   2.4039472413125997   0.1506251289191419   2.6  
D:\Huy\datasets\ahuyboom\hard\img\2800.png   6.995104883054168   1.7889780257969417   0.020408854166666664   0.2  
D:\Huy\datasets\ahuyboom\hard\img\2804.png   6.6786290217483035   1.9470386456529511   0.03992693865740741   0.6666666666666666  
D:\Huy\datasets\ahuyboom\hard\img\281.png   6.712138972371229   0.5700592042440323   0.010776204858046484   0.36363636363636365  
D:\Huy\datasets\ahuyboom\hard\img\2811.png   6.979724058294938   0.5015406645138961   0.009117838541666666   0.5454545454545454  
D:\Huy\datasets\ahuyboom\hard\img\2814.png   6.978228623377259   0.845239534570648   0.009857855902777778   0.5  
D:\Huy\datasets\ahuyboom\hard\img\2815.png   6.7019425143670395   0.5928210036604215   0.010553385416666667   0.18181818181818182  
D:\Huy\datasets\ahuyboom\hard\img\2816.png   6.618287164634011   0.557215985750945   0.01217477509469697   0.36363636363636365  
D:\Huy\datasets\ahuyboom\hard\img\2817.png   6.7059971252755055   0.5265714777505224   0.011045283564814816   0.2222222222222222  
D:\Huy\datasets\ahuyboom\hard\img\2818.png   6.841449009383863   2.211401786282121   0.04103971354166667   1.0  
D:\Huy\datasets\ahuyboom\hard\img\2819.png   5.011301884108033   1.2264920819662979   0.05245225694444445   0.8888888888888888  
D:\Huy\datasets\ahuyboom\hard\img\282.png   4.800473662366737   1.8796958132591899   0.08382471177184465   0.8  
D:\Huy\datasets\ahuyboom\hard\img\2820.png   5.236524075765441   1.9039777827267406   0.07184366861979168   1.0  
D:\Huy\datasets\ahuyboom\hard\img\2821.png   4.81652884317153   1.6407232307916184   0.07989815848214286   0.5714285714285714  
D:\Huy\datasets\ahuyboom\hard\img\2822.png   5.3823723773119765   1.8224582350888199   0.06310257523148148   0.8888888888888888  
D:\Huy\datasets\ahuyboom\hard\img\2823.png   4.66098493061055   1.6141914641333823   0.07305403645833333   0.8  
D:\Huy\datasets\ahuyboom\hard\img\2824.png   4.199749879698345   1.6681277406028365   0.08230143229166667   0.5  
D:\Huy\datasets\ahuyboom\hard\img\2825.png   6.2293187244377375   1.0176184483336754   0.019374534970238094   0.5714285714285714  
D:\Huy\datasets\ahuyboom\hard\img\2826.png   6.275204761279728   1.7424680237385455   0.0331615306712963   0.4444444444444444  
D:\Huy\datasets\ahuyboom\hard\img\2827.png   6.242539803976237   1.7484021448208475   0.034078052662037034   0.4444444444444444  
D:\Huy\datasets\ahuyboom\hard\img\2828.png   6.102237948266703   1.699341036608247   0.034150390625   0.2222222222222222  
D:\Huy\datasets\ahuyboom\hard\img\2829.png   5.895278960083083   1.643617278767969   0.03497233072916667   0.0  
D:\Huy\datasets\ahuyboom\hard\img\283.png   6.254108289225864   2.0475788868146734   0.05752169085423409   1.5  
D:\Huy\datasets\ahuyboom\hard\img\2830.png   5.4099879674461855   1.3045602353675283   0.04107607886904762   0.2857142857142857  
D:\Huy\datasets\ahuyboom\hard\img\2831.png   5.427162404270064   1.2901119385592852   0.04040550595238095   0.2857142857142857  
D:\Huy\datasets\ahuyboom\hard\img\2832.png   5.441601838300463   1.2639831770730208   0.039974423363095236   0.5714285714285714  
D:\Huy\datasets\ahuyboom\hard\img\2833.png   5.80523383184021   1.3058079124070268   0.04128669507575757   1.2727272727272727  
D:\Huy\datasets\ahuyboom\hard\img\2834.png   5.156110052839086   1.6000436511258125   0.04968229166666667   0.0  
D:\Huy\datasets\ahuyboom\hard\img\2835.png   6.065548656288895   0.7153928349087288   0.01750372023809524   0.0  
D:\Huy\datasets\ahuyboom\hard\img\2836.png   5.311015207313101   0.9449448608504015   0.032927083333333336   0.8  
D:\Huy\datasets\ahuyboom\hard\img\2837.png   3.4345551437405835   0.0   0.092490234375   0.0  
D:\Huy\datasets\ahuyboom\hard\img\2838.png   5.593969652980603   1.565539921202667   0.04052083333333333   0.6666666666666666  
D:\Huy\datasets\ahuyboom\hard\img\2839.png   5.924248861955417   1.4604744181503435   0.035458984375   1.0  
D:\Huy\datasets\ahuyboom\hard\img\284.png   5.192670123751615   2.383687816992656   0.11385359779530743   1.0  
D:\Huy\datasets\ahuyboom\hard\img\2840.png   6.116617650105266   1.4322659587884075   0.027299479166666668   0.4  
D:\Huy\datasets\ahuyboom\hard\img\2841.png   5.998455338937243   1.5906700342193567   0.03536783854166666   0.4  
D:\Huy\datasets\ahuyboom\hard\img\2842.png   6.051943532079616   1.5630023913884878   0.03128580729166667   0.6666666666666666  
D:\Huy\datasets\ahuyboom\hard\img\2843.png   5.751022398551008   1.8725315498699782   0.04869661458333333   0.4  
D:\Huy\datasets\ahuyboom\hard\img\2844.png   4.8434413123435265   1.4660677026713897   0.07278266059027777   0.6666666666666666  
D:\Huy\datasets\ahuyboom\hard\img\2845.png   4.99791085929098   1.6082390647489813   0.07628580729166667   1.1428571428571428  
D:\Huy\datasets\ahuyboom\hard\img\2846.png   5.483630970939486   2.1127071595537097   0.07761997767857143   0.5714285714285714  
D:\Huy\datasets\ahuyboom\hard\img\2847.png   6.028384229030711   2.0473425533443557   0.046560174851190475   0.2857142857142857  
D:\Huy\datasets\ahuyboom\hard\img\2848.png   5.759895458334575   2.0192438357745752   0.048616943359375   1.0  
D:\Huy\datasets\ahuyboom\hard\img\2849.png   5.401216905551415   1.954648162949096   0.059696180555555554   0.3333333333333333  
D:\Huy\datasets\ahuyboom\hard\img\2850.png   5.715019551908798   1.83820973452601   0.05015690104166667   0.0  
D:\Huy\datasets\ahuyboom\hard\img\2851.png   5.804378009069894   1.7044407397279742   0.040930989583333334   0.6666666666666666  
D:\Huy\datasets\ahuyboom\hard\img\2852.png   4.198653629629713   1.1936406215656494   0.09136610243055555   0.3333333333333333  
D:\Huy\datasets\ahuyboom\hard\img\2853.png   4.177666416937033   1.3471152865083955   0.09115234375   0.4  
D:\Huy\datasets\ahuyboom\hard\img\2854.png   3.9692823969129294   1.3152837890818734   0.10710026041666668   0.4  
D:\Huy\datasets\ahuyboom\hard\img\2855.png   4.7084849649881   2.0572667859604166   0.07912239583333333   0.0  
D:\Huy\datasets\ahuyboom\hard\img\2856.png   6.263714614280159   1.56740671626183   0.0285234375   0.0  
D:\Huy\datasets\ahuyboom\hard\img\2857.png   6.464016029678633   1.4999543465480802   0.023295355902777776   0.3333333333333333  
D:\Huy\datasets\ahuyboom\hard\img\2858.png   5.894374351551401   1.3463791349997467   0.029154296874999996   0.4  
D:\Huy\datasets\ahuyboom\hard\img\2859.png   5.231992646818691   1.5684499294230618   0.06066927083333333   0.4  
D:\Huy\datasets\ahuyboom\hard\img\286.png   6.849856274818884   1.5225139620299837   0.015523177772874373   0.7272727272727273  
D:\Huy\datasets\ahuyboom\hard\img\2860.png   6.474268722657104   1.421141642483004   0.022975802951388888   0.6666666666666666  
D:\Huy\datasets\ahuyboom\hard\img\2861.png   4.397710563682773   1.6159075613882263   0.09912369791666667   0.4  
D:\Huy\datasets\ahuyboom\hard\img\2862.png   4.704783182496616   1.4888977663217309   0.06584895833333333   0.8  
D:\Huy\datasets\ahuyboom\hard\img\2863.png   5.649344683908869   1.5601322964833142   0.03775762648809523   0.2857142857142857  
D:\Huy\datasets\ahuyboom\hard\img\2864.png   5.5414980393492055   1.7006899868908516   0.041912109375000006   0.0  
D:\Huy\datasets\ahuyboom\hard\img\2866.png   6.525612456157669   2.1480152424621743   0.04155658143939394   1.0909090909090908  
D:\Huy\datasets\ahuyboom\hard\img\2867.png   6.814513875832139   2.709482304914148   0.0467830825617284   1.2  
D:\Huy\datasets\ahuyboom\hard\img\2868.png   6.888060164178967   3.840756554715374   0.04193642150673401   0.7272727272727273  
D:\Huy\datasets\ahuyboom\hard\img\2869.png   6.4176890209631985   2.1530689705493105   0.03777608989197531   0.6666666666666666  
D:\Huy\datasets\ahuyboom\hard\img\2870.png   5.940008320913775   1.7018116329884612   0.037640295460390945   0.8333333333333334  
D:\Huy\datasets\ahuyboom\hard\img\2871.png   5.879420011102408   1.6552158668450176   0.03669511959876543   0.6666666666666666  
D:\Huy\datasets\ahuyboom\hard\img\2872.png   6.263695613379593   1.9392867372365497   0.032590329712725546   0.9230769230769231  
D:\Huy\datasets\ahuyboom\hard\img\2873.png   6.066990211751466   1.4781704368459385   0.0319685941951567   1.0769230769230769  
D:\Huy\datasets\ahuyboom\hard\img\2874.png   6.076030318989687   1.4567570551742457   0.030171159657921807   0.8333333333333334  
D:\Huy\datasets\ahuyboom\hard\img\2875.png   6.392185325715943   1.5406406820893315   0.02795035548941799   1.0  
D:\Huy\datasets\ahuyboom\hard\img\2876.png   6.362256259209906   1.380180016291565   0.030438293862773025   1.2307692307692308  
D:\Huy\datasets\ahuyboom\hard\img\2877.png   6.5672172253030725   2.215101255701175   0.03106997121320038   1.0769230769230769  
D:\Huy\datasets\ahuyboom\hard\img\2878.png   6.310330106293459   1.5488984158476324   0.03186149691358024   1.0769230769230769  
D:\Huy\datasets\ahuyboom\hard\img\2879.png   6.946126424600981   1.5997150979050072   0.027752797067901236   1.3333333333333333  
D:\Huy\datasets\ahuyboom\hard\img\2880.png   6.312059082355319   1.9136255856184394   0.030858531057098768   0.8333333333333334  
D:\Huy\datasets\ahuyboom\hard\img\2881.png   6.06090380480789   1.2456988095588035   0.030869140625   0.8333333333333334  
D:\Huy\datasets\ahuyboom\hard\img\2882.png   6.276331748886769   1.365803379614646   0.026622098443930042   0.8333333333333334  
D:\Huy\datasets\ahuyboom\hard\img\2883.png   6.517937196380858   1.3632072562812991   0.024618945868945866   1.0769230769230769  
D:\Huy\datasets\ahuyboom\hard\img\2884.png   6.4193504661390435   1.4989867947306945   0.025649836033950615   0.8333333333333334  
D:\Huy\datasets\ahuyboom\hard\img\2885.png   6.440723363983486   1.5183119475717792   0.025153155542695472   0.6666666666666666  
D:\Huy\datasets\ahuyboom\hard\img\2886.png   6.555137249415619   1.4577718024223598   0.023881321225071226   0.7692307692307693  
D:\Huy\datasets\ahuyboom\hard\img\2887.png   6.75163274195461   1.6554670802489342   0.025947563014403287   1.0666666666666667  
D:\Huy\datasets\ahuyboom\hard\img\2888.png   6.929863643854871   2.4454210069524835   0.02956194196428571   1.1428571428571428  
D:\Huy\datasets\ahuyboom\hard\img\2889.png   5.823585181409882   1.4502001734727292   0.032813143004115225   0.6666666666666666  
D:\Huy\datasets\ahuyboom\hard\img\289.png   6.888217691411614   1.8166216591652766   0.025117566747572817   0.6  
D:\Huy\datasets\ahuyboom\hard\img\2890.png   5.496091140191725   1.4364330259963949   0.03899252507716049   0.4  
D:\Huy\datasets\ahuyboom\hard\img\2891.png   5.729182353879034   1.5060768435733625   0.03643829790965208   0.7272727272727273  
D:\Huy\datasets\ahuyboom\hard\img\2892.png   6.2802623141721785   1.9121424252915884   0.03237294485992403   0.9230769230769231  
D:\Huy\datasets\ahuyboom\hard\img\2893.png   5.873315457992779   1.4770562025411842   0.03349838445216049   0.8333333333333334  
D:\Huy\datasets\ahuyboom\hard\img\2894.png   6.170743414679541   1.8105343564084477   0.03324560345936214   0.8333333333333334  
D:\Huy\datasets\ahuyboom\hard\img\2895.png   6.255521010613123   1.7862528391098471   0.03129267939814815   0.8333333333333334  
D:\Huy\datasets\ahuyboom\hard\img\2896.png   6.340919508459498   1.634266826003306   0.026979686016144352   0.7692307692307693  
D:\Huy\datasets\ahuyboom\hard\img\2897.png   6.661788476972234   1.5051831163432299   0.027019917052469127   1.2857142857142858  
D:\Huy\datasets\ahuyboom\hard\img\2898.png   6.921927191594698   2.682765838370441   0.023348937665343916   1.0  
D:\Huy\datasets\ahuyboom\hard\img\2899.png   6.2848425760728555   1.2340097583754301   0.02119271522266314   1.0  
D:\Huy\datasets\ahuyboom\hard\img\29.png   5.688116578877745   1.8311983910144167   0.05886373643373954   1.3846153846153846  
D:\Huy\datasets\ahuyboom\hard\img\290.png   6.498251774239162   2.313873650575526   0.08196094873696512   1.7777777777777777  
D:\Huy\datasets\ahuyboom\hard\img\2900.png   6.642787462235763   1.359804077395347   0.01770681238129155   0.7692307692307693  
D:\Huy\datasets\ahuyboom\hard\img\2901.png   6.592169625447279   1.0699689016545357   0.017038724922839508   1.0  
D:\Huy\datasets\ahuyboom\hard\img\2902.png   6.640632465753642   1.098455286526922   0.01620219666280864   1.0  
D:\Huy\datasets\ahuyboom\hard\img\2904.png   6.68678962450928   1.0434469881861932   0.018397022890946503   0.9333333333333333  
D:\Huy\datasets\ahuyboom\hard\img\2905.png   6.7230328023453625   1.1215366359115073   0.01593430971035138   0.6153846153846154  
D:\Huy\datasets\ahuyboom\hard\img\2906.png   6.710496637637988   1.0049520159128251   0.018558577674897117   0.9333333333333333  
D:\Huy\datasets\ahuyboom\hard\img\2907.png   6.513488922983539   1.110856961306457   0.018335776748971192   0.9333333333333333  
D:\Huy\datasets\ahuyboom\hard\img\2908.png   6.931504562707771   1.23500571003218   0.0183276065779321   1.25  
D:\Huy\datasets\ahuyboom\hard\img\2909.png   6.616753656233798   1.1291630352893909   0.016710000551146385   1.0  
D:\Huy\datasets\ahuyboom\hard\img\291.png   5.747865738680544   2.4051324153020395   0.07119825377562028   0.6666666666666666  
D:\Huy\datasets\ahuyboom\hard\img\2910.png   6.383699290006754   1.1736853014732016   0.019141187628600825   1.0  
D:\Huy\datasets\ahuyboom\hard\img\2911.png   6.3439291745110395   1.1354947892932317   0.019066076710390945   0.8333333333333334  
D:\Huy\datasets\ahuyboom\hard\img\2912.png   6.350906134648068   1.1087044142208282   0.018761051633230455   0.8333333333333334  
D:\Huy\datasets\ahuyboom\hard\img\2913.png   6.332709307439441   1.0921531197983483   0.018652464313271607   0.8333333333333334  
D:\Huy\datasets\ahuyboom\hard\img\2914.png   6.6484660530822595   1.1180758082857765   0.020947330543684712   1.2307692307692308  
D:\Huy\datasets\ahuyboom\hard\img\2915.png   6.936934411801052   1.2738933571702267   0.018709318507495593   1.2857142857142858  
D:\Huy\datasets\ahuyboom\hard\img\2916.png   6.882500067521241   1.2312365271915655   0.018680590002204584   1.2857142857142858  
D:\Huy\datasets\ahuyboom\hard\img\2917.png   6.409230003342003   1.1282565031062515   0.02153091242283951   1.1666666666666667  
D:\Huy\datasets\ahuyboom\hard\img\2918.png   6.549829942768041   1.4067498897741304   0.022171786586934156   1.1666666666666667  
D:\Huy\datasets\ahuyboom\hard\img\2919.png   6.199134766944166   1.1470900183848265   0.02471476921997755   1.0909090909090908  
D:\Huy\datasets\ahuyboom\hard\img\2920.png   6.829455617302016   1.8406306661494152   0.023395383230452677   1.1666666666666667  
D:\Huy\datasets\ahuyboom\hard\img\2921.png   6.840091834852998   1.488524988223019   0.022002611585944916   1.2307692307692308  
D:\Huy\datasets\ahuyboom\hard\img\2922.png   6.694496930980765   1.6254230864724741   0.02050391737891738   0.9230769230769231  
D:\Huy\datasets\ahuyboom\hard\img\2925.png   6.599310489016229   1.714269596191191   0.02108529202279202   0.9230769230769231  
D:\Huy\datasets\ahuyboom\hard\img\2926.png   6.612148335248097   1.41504963530835   0.02136800362060779   1.2307692307692308  
D:\Huy\datasets\ahuyboom\hard\img\2927.png   6.176037497543477   1.3864808638868826   0.02336078157150206   0.8333333333333334  
D:\Huy\datasets\ahuyboom\hard\img\2928.png   6.205521930937689   1.3583325482809692   0.022358981159979422   0.6666666666666666  
D:\Huy\datasets\ahuyboom\hard\img\2929.png   6.295761856416309   1.574167777497318   0.022826244212962966   0.6666666666666666  
D:\Huy\datasets\ahuyboom\hard\img\293.png   5.790372023175273   1.9485357491441886   0.0665011672397519   0.6666666666666666  
D:\Huy\datasets\ahuyboom\hard\img\2930.png   6.12679629198927   1.3402370095331642   0.023601707175925926   0.6666666666666666  
D:\Huy\datasets\ahuyboom\hard\img\2931.png   6.059247731541187   1.2937233828069123   0.023751004693930045   0.5  
D:\Huy\datasets\ahuyboom\hard\img\2932.png   6.525623264634195   1.146890512601468   0.021589634773662554   1.2  
D:\Huy\datasets\ahuyboom\hard\img\2933.png   6.550132586991613   1.1375002460627297   0.023233541391093477   1.2857142857142858  
D:\Huy\datasets\ahuyboom\hard\img\2934.png   6.886812108921565   1.1275856181817083   0.021469907407407406   1.5  
D:\Huy\datasets\ahuyboom\hard\img\2935.png   6.03495688691561   1.2117170241238135   0.023548940650720163   0.6666666666666666  
D:\Huy\datasets\ahuyboom\hard\img\2936.png   6.4639836404236   1.4530924785514612   0.02172064456569665   1.0  
D:\Huy\datasets\ahuyboom\hard\img\2937.png   6.373019349899382   1.3697949697244833   0.022821996676163338   1.0769230769230769  
D:\Huy\datasets\ahuyboom\hard\img\2938.png   6.407604559306756   1.4156956204530322   0.02165285356040564   1.0  
D:\Huy\datasets\ahuyboom\hard\img\2939.png   6.282817634230901   1.3492448989379924   0.023170739850427353   0.9230769230769231  
D:\Huy\datasets\ahuyboom\hard\img\294.png   6.680994773087522   0.5442435092311432   0.01240234375   1.0  
D:\Huy\datasets\ahuyboom\hard\img\2940.png   5.90945634698463   1.2226226761193617   0.02592526830808081   0.9090909090909091  
D:\Huy\datasets\ahuyboom\hard\img\2941.png   5.743129160885921   1.1745690711469645   0.027471354166666666   0.4  
D:\Huy\datasets\ahuyboom\hard\img\2942.png   5.883163533605823   1.0345469947703647   0.02865758277216611   0.5454545454545454  
D:\Huy\datasets\ahuyboom\hard\img\2943.png   6.261220656218317   1.6036025494544661   0.02509656190645774   1.0769230769230769  
D:\Huy\datasets\ahuyboom\hard\img\2944.png   6.0360403477535085   1.5309504708592951   0.026764604230967076   0.8333333333333334  
D:\Huy\datasets\ahuyboom\hard\img\2945.png   5.66414861950333   1.0514465389612584   0.02933865565375982   0.5454545454545454  
D:\Huy\datasets\ahuyboom\hard\img\2946.png   5.656843554172693   1.0435617716202432   0.030310044893378227   0.5454545454545454  
D:\Huy\datasets\ahuyboom\hard\img\2947.png   6.031783345837282   1.1441964467900263   0.02874899530606996   0.8333333333333334  
D:\Huy\datasets\ahuyboom\hard\img\2948.png   5.953705871641556   1.2586423290919433   0.02864072948816872   0.8333333333333334  
D:\Huy\datasets\ahuyboom\hard\img\2949.png   6.25614798379083   1.8261771401408167   0.025850281084656083   1.0  
D:\Huy\datasets\ahuyboom\hard\img\295.png   6.339193173862855   1.064199117263739   0.041551107700361696   2.235294117647059  
D:\Huy\datasets\ahuyboom\hard\img\2950.png   5.810523419363084   1.0768865796259266   0.0283811969521605   0.6666666666666666  
D:\Huy\datasets\ahuyboom\hard\img\2951.png   5.824098022037305   1.2412894003548733   0.027011433782267114   0.36363636363636365  
D:\Huy\datasets\ahuyboom\hard\img\2952.png   5.950030487642571   1.2749587482821996   0.027466202096193413   0.8333333333333334  
D:\Huy\datasets\ahuyboom\hard\img\2953.png   5.718218513665756   1.1619085916581013   0.03310895412457913   1.0909090909090908  
D:\Huy\datasets\ahuyboom\hard\img\2954.png   6.3550954867639495   1.1521928284276142   0.030290436921296293   1.3333333333333333  
D:\Huy\datasets\ahuyboom\hard\img\2955.png   6.267522254042423   1.1977157386083608   0.029505007394547325   1.3333333333333333  
D:\Huy\datasets\ahuyboom\hard\img\2956.png   6.157854366638452   1.1481242572591064   0.028347429962013296   1.2307692307692308  
D:\Huy\datasets\ahuyboom\hard\img\2957.png   6.722090167316308   1.5504884036225712   0.024680236062885802   1.25  
D:\Huy\datasets\ahuyboom\hard\img\2958.png   6.4604270715083585   1.386862393285562   0.026040284207818933   1.2  
D:\Huy\datasets\ahuyboom\hard\img\2959.png   6.44848924832938   1.3920508436186203   0.026232028034979427   1.3333333333333333  
D:\Huy\datasets\ahuyboom\hard\img\296.png   6.094587679496655   2.0565323606604924   0.10736972845873788   2.5  
D:\Huy\datasets\ahuyboom\hard\img\2960.png   6.2465676238986285   1.4673738034289812   0.02730880272633745   1.0666666666666667  
D:\Huy\datasets\ahuyboom\hard\img\2961.png   6.089481978030001   1.4240442449616166   0.02948268022486773   0.8571428571428571  
D:\Huy\datasets\ahuyboom\hard\img\2962.png   6.167946174800591   1.2671019639936314   0.02946979717813051   1.1428571428571428  
D:\Huy\datasets\ahuyboom\hard\img\2963.png   5.9638829957327255   1.3366020008672097   0.032257871854226024   1.0769230769230769  
D:\Huy\datasets\ahuyboom\hard\img\2964.png   5.902368669586021   1.276496864146296   0.03073999881291548   0.7692307692307693  
D:\Huy\datasets\ahuyboom\hard\img\2965.png   5.841045202732518   1.3007449442491756   0.031213460054605895   0.9230769230769231  
D:\Huy\datasets\ahuyboom\hard\img\2966.png   5.952980879083551   1.4405595807573344   0.031148847415123457   0.6666666666666666  
D:\Huy\datasets\ahuyboom\hard\img\2967.png   6.217706242703729   1.612963157528384   0.029168076329534668   0.9230769230769231  
D:\Huy\datasets\ahuyboom\hard\img\2968.png   6.248570922274974   1.5281105046189953   0.02682543127204585   0.8571428571428571  
D:\Huy\datasets\ahuyboom\hard\img\2969.png   6.870356210138875   2.4332275260920286   0.0288862204218107   1.0666666666666667  
D:\Huy\datasets\ahuyboom\hard\img\297.png   3.4075195724482463   1.591845525720054   0.2319629854368932   1.3333333333333333  
D:\Huy\datasets\ahuyboom\hard\img\2970.png   6.160512370815681   1.501261166933741   0.03257730887939221   0.9230769230769231  
D:\Huy\datasets\ahuyboom\hard\img\2971.png   6.988838911111627   2.64930351632827   0.03155118560066476   1.2307692307692308  
D:\Huy\datasets\ahuyboom\hard\img\2972.png   5.730132518561771   1.3780938221698549   0.03627963664421997   0.9090909090909091  
D:\Huy\datasets\ahuyboom\hard\img\2973.png   5.922393239576281   1.4051635507979308   0.03388334297839507   0.8333333333333334  
D:\Huy\datasets\ahuyboom\hard\img\2974.png   5.961926171965355   1.4345882095861735   0.03328555009002058   0.8333333333333334  
D:\Huy\datasets\ahuyboom\hard\img\2975.png   5.710012190879135   1.3330690776093175   0.03490021745230079   0.5454545454545454  
D:\Huy\datasets\ahuyboom\hard\img\2976.png   5.7020564887186005   1.3570340511239678   0.03392387415824916   0.5454545454545454  
D:\Huy\datasets\ahuyboom\hard\img\2977.png   5.799752468327617   1.242968709049523   0.03429100028058362   0.5454545454545454  
D:\Huy\datasets\ahuyboom\hard\img\2978.png   5.690584009710412   1.2477314244093802   0.03369787282547699   0.5454545454545454  
D:\Huy\datasets\ahuyboom\hard\img\2979.png   5.835936410122227   1.1655079377737272   0.0341247983305275   0.5454545454545454  
D:\Huy\datasets\ahuyboom\hard\img\298.png   6.1380376354651895   1.4770703902080902   0.036014754135203164   1.3333333333333333  
D:\Huy\datasets\ahuyboom\hard\img\2980.png   5.981490248115962   1.4022724704373333   0.028842431841563782   0.2222222222222222  
D:\Huy\datasets\ahuyboom\hard\img\2981.png   6.2219749886905955   1.5508184077737555   0.027465663580246914   0.4  
D:\Huy\datasets\ahuyboom\hard\img\2982.png   6.835104680086776   1.8245865837973487   0.028036506558641972   0.8333333333333334  
D:\Huy\datasets\ahuyboom\hard\img\2983.png   6.301347451791305   1.5839349892179397   0.028983048804012344   0.8333333333333334  
D:\Huy\datasets\ahuyboom\hard\img\2984.png   6.749256196773825   1.4512197897734618   0.02673251276115859   0.9230769230769231  
D:\Huy\datasets\ahuyboom\hard\img\2985.png   6.628571530906776   1.401651150865701   0.0268106377611586   0.7692307692307693  
D:\Huy\datasets\ahuyboom\hard\img\2986.png   6.518407875081422   1.4692335515294106   0.022171696937321936   0.9230769230769231  
D:\Huy\datasets\ahuyboom\hard\img\2987.png   6.465366670824334   1.4457191255371817   0.02428478157644824   0.6153846153846154  
D:\Huy\datasets\ahuyboom\hard\img\2988.png   6.780621334052383   1.5260622816166858   0.019958629574514997   0.7142857142857143  
D:\Huy\datasets\ahuyboom\hard\img\2989.png   6.487624668176995   1.3990173845875853   0.01978684413580247   0.5  
D:\Huy\datasets\ahuyboom\hard\img\299.png   5.858680326287689   2.3496327464101294   0.060211767630798274   1.0  
D:\Huy\datasets\ahuyboom\hard\img\2990.png   6.402939679860764   1.334508378177089   0.021958636463844796   1.0  
D:\Huy\datasets\ahuyboom\hard\img\2991.png   6.477042083131162   1.2050123940702173   0.021797701719576724   1.0  
D:\Huy\datasets\ahuyboom\hard\img\2992.png   6.533740953429537   1.3191017128071616   0.0185563939339981   0.7692307692307693  
D:\Huy\datasets\ahuyboom\hard\img\2994.png   6.489180239122323   1.3206864398693883   0.019616126543209877   0.7692307692307693  
D:\Huy\datasets\ahuyboom\hard\img\2995.png   6.678353563246461   1.3641838126709518   0.01781511794532628   0.7142857142857143  
D:\Huy\datasets\ahuyboom\hard\img\2997.png   6.793076067656782   1.4428490296100862   0.016563818158436217   0.8  
D:\Huy\datasets\ahuyboom\hard\img\30.png   6.869077146738657   1.8833152523424206   0.045024150852585265   2.4  
D:\Huy\datasets\ahuyboom\hard\img\300.png   5.3348401762862325   2.2100510255357975   0.08660206816343041   0.8  
D:\Huy\datasets\ahuyboom\hard\img\3000.png   6.6664584123424175   0.9735807286817523   0.013527236170465338   0.7692307692307693  
D:\Huy\datasets\ahuyboom\hard\img\3001.png   6.678145436528407   0.9615136152908385   0.013585217830009497   0.7692307692307693  
D:\Huy\datasets\ahuyboom\hard\img\3002.png   6.600071631619462   0.956292853345633   0.013812396130104463   0.7692307692307693  
D:\Huy\datasets\ahuyboom\hard\img\3003.png   6.499016918142854   0.8613261275799323   0.014431664737654323   0.8333333333333334  
D:\Huy\datasets\ahuyboom\hard\img\3004.png   6.815003356538617   1.0401552577789432   0.012871093749999998   0.7142857142857143  
D:\Huy\datasets\ahuyboom\hard\img\3005.png   6.661210876489276   0.9974228054792611   0.01369428122032289   0.6153846153846154  
D:\Huy\datasets\ahuyboom\hard\img\3006.png   6.671439025966159   1.07175923370405   0.013733343720322887   0.46153846153846156  
D:\Huy\datasets\ahuyboom\hard\img\3007.png   6.644981153443907   0.9350393797038005   0.013412422839506175   0.46153846153846156  
D:\Huy\datasets\ahuyboom\hard\img\3008.png   6.511074571657002   0.9397837264981838   0.013768606931584363   0.16666666666666666  
D:\Huy\datasets\ahuyboom\hard\img\3009.png   6.416679528038875   0.8647454290307119   0.014137643799102134   0.18181818181818182  
D:\Huy\datasets\ahuyboom\hard\img\3010.png   6.631642301134696   1.0840706837434049   0.013743248456790121   0.16666666666666666  
D:\Huy\datasets\ahuyboom\hard\img\3011.png   6.798067588966337   1.2354579998340947   0.013093839031339035   0.3076923076923077  
D:\Huy\datasets\ahuyboom\hard\img\3012.png   6.8321515318971455   1.2744325760677053   0.012871780033238368   0.3076923076923077  
D:\Huy\datasets\ahuyboom\hard\img\3013.png   6.82274598628949   1.2612265514271364   0.012993382003798671   0.46153846153846156  
D:\Huy\datasets\ahuyboom\hard\img\3014.png   6.61653835995823   1.0741667824355592   0.013790147569444444   0.3333333333333333  
D:\Huy\datasets\ahuyboom\hard\img\3015.png   6.3561266538230745   0.935984284935906   0.0151147762345679   0.0  
D:\Huy\datasets\ahuyboom\hard\img\3016.png   6.585888956118708   1.0006796254306025   0.014526507844650203   0.6666666666666666  
D:\Huy\datasets\ahuyboom\hard\img\3017.png   6.662065413332802   1.053678257688151   0.0146191004372428   0.5  
D:\Huy\datasets\ahuyboom\hard\img\3018.png   6.745628072101714   1.1450835701705746   0.013397361704653372   0.46153846153846156  
D:\Huy\datasets\ahuyboom\hard\img\3019.png   6.412389627921692   0.926070672472745   0.014566454475308641   0.16666666666666666  
D:\Huy\datasets\ahuyboom\hard\img\3020.png   6.673621322324736   0.9617951954924677   0.01312686011904762   0.5714285714285714  
D:\Huy\datasets\ahuyboom\hard\img\3021.png   6.597755432439906   0.9340575533294748   0.013768394510582009   0.5714285714285714  
D:\Huy\datasets\ahuyboom\hard\img\3022.png   6.64561557642422   1.0251507639463655   0.013876016441120607   0.46153846153846156  
D:\Huy\datasets\ahuyboom\hard\img\3023.png   6.63617140687722   0.9802418062665401   0.013803901056505224   0.3076923076923077  
D:\Huy\datasets\ahuyboom\hard\img\3024.png   6.47705032512135   0.9303377631214065   0.014407270769032922   0.3333333333333333  
D:\Huy\datasets\ahuyboom\hard\img\3025.png   6.447477329277584   1.0153917728740303   0.015228105709876545   0.36363636363636365  
D:\Huy\datasets\ahuyboom\hard\img\3026.png   6.47630169238073   0.9336435557604641   0.015229873971193417   0.6666666666666666  
D:\Huy\datasets\ahuyboom\hard\img\3027.png   6.873540231634217   1.273282400960053   0.013014254023368605   0.5714285714285714  
D:\Huy\datasets\ahuyboom\hard\img\3028.png   6.6658377085971345   1.107085085729883   0.014067916073124406   0.6153846153846154  
D:\Huy\datasets\ahuyboom\hard\img\3029.png   6.5408083449775125   1.5332180636301043   0.021437040004748338   0.6153846153846154  
D:\Huy\datasets\ahuyboom\hard\img\3030.png   6.687551032235926   1.4757758501339306   0.018830364032186946   0.8571428571428571  
D:\Huy\datasets\ahuyboom\hard\img\3031.png   6.438791270270762   1.5781597375134675   0.022983860596707817   0.6666666666666666  
D:\Huy\datasets\ahuyboom\hard\img\3032.png   6.649702387518062   1.257711293719378   0.01561521026234568   0.8  
D:\Huy\datasets\ahuyboom\hard\img\3033.png   6.221117456251533   1.563342028187808   0.028541929713804714   0.7272727272727273  
D:\Huy\datasets\ahuyboom\hard\img\3034.png   6.347285182896685   1.5833146563205107   0.02797996238425926   1.0  
D:\Huy\datasets\ahuyboom\hard\img\3035.png   6.503882782460281   1.6818237964761888   0.028111898791152265   1.0  
D:\Huy\datasets\ahuyboom\hard\img\3036.png   6.075290794582733   1.592414974801261   0.03243123070987654   0.8  
D:\Huy\datasets\ahuyboom\hard\img\3037.png   6.310425183839482   1.7036357976801813   0.029867643448372616   0.7272727272727273  
D:\Huy\datasets\ahuyboom\hard\img\3038.png   6.222576771278733   1.6948090340312967   0.032531916386083055   0.9090909090909091  
D:\Huy\datasets\ahuyboom\hard\img\3039.png   6.052021630172915   1.6868656713135342   0.03788474151234568   1.0  
D:\Huy\datasets\ahuyboom\hard\img\304.png   4.630054607460966   1.6689678157814984   0.11908651901294498   1.6  
D:\Huy\datasets\ahuyboom\hard\img\3040.png   6.212420008005134   1.7351745414421418   0.03610922593995511   0.9090909090909091  
D:\Huy\datasets\ahuyboom\hard\img\3041.png   6.313652901257097   1.6276887830535594   0.039895044191919186   0.9090909090909091  
D:\Huy\datasets\ahuyboom\hard\img\3042.png   6.363174866907316   1.5503826359943536   0.036842849794238686   0.6666666666666666  
D:\Huy\datasets\ahuyboom\hard\img\3043.png   6.3727899940535755   1.5746956714622482   0.03544556166409465   0.8333333333333334  
D:\Huy\datasets\ahuyboom\hard\img\3044.png   6.3668590172798805   1.6580390212637246   0.03185209297839506   0.6  
D:\Huy\datasets\ahuyboom\hard\img\3045.png   6.5746935922806795   1.7637246555670218   0.032488136574074074   0.8  
D:\Huy\datasets\ahuyboom\hard\img\3046.png   6.623070096747331   1.7804371883697798   0.03477801890432099   1.0  
D:\Huy\datasets\ahuyboom\hard\img\3048.png   6.9750342023375955   1.8088796959946642   0.029587376839981007   1.0769230769230769  
D:\Huy\datasets\ahuyboom\hard\img\3049.png   6.884849587870615   1.8368540610947206   0.03025280778463649   0.6666666666666666  
D:\Huy\datasets\ahuyboom\hard\img\305.png   6.546842878639858   1.8694938691071985   0.04841468193770226   1.2  
D:\Huy\datasets\ahuyboom\hard\img\3051.png   6.5911159494087785   1.7801508208026535   0.03341616030092592   0.5  
D:\Huy\datasets\ahuyboom\hard\img\3052.png   6.938775347550685   2.044213390476074   0.02931733056841564   0.6666666666666666  
D:\Huy\datasets\ahuyboom\hard\img\3053.png   6.893218017470589   1.8764094986672573   0.02781133455504115   0.6666666666666666  
D:\Huy\datasets\ahuyboom\hard\img\3054.png   6.543014619802933   1.8039834112349615   0.0345385239840535   1.1666666666666667  
D:\Huy\datasets\ahuyboom\hard\img\3055.png   6.848081715056888   1.8983968122646708   0.03592946244855967   1.3333333333333333  
D:\Huy\datasets\ahuyboom\hard\img\3056.png   6.412301888532849   1.9595815714882339   0.03921822390572391   1.0909090909090908  
D:\Huy\datasets\ahuyboom\hard\img\3057.png   6.203889767797284   2.0170641168326715   0.04102358217592592   1.0  
D:\Huy\datasets\ahuyboom\hard\img\3058.png   6.594241872134602   2.0143082600001816   0.04091242283950617   1.2727272727272727  
D:\Huy\datasets\ahuyboom\hard\img\3059.png   5.6377298355543095   1.9557598795790885   0.04941840277777777   0.4444444444444444  
D:\Huy\datasets\ahuyboom\hard\img\306.png   6.441138279705816   1.4659815786493506   0.03203675811950994   1.4285714285714286  
D:\Huy\datasets\ahuyboom\hard\img\3060.png   5.473464603058893   1.793799008134302   0.053483253761574076   1.0  
D:\Huy\datasets\ahuyboom\hard\img\3061.png   5.553311643733502   1.8630181412791573   0.05095377604166666   0.75  
D:\Huy\datasets\ahuyboom\hard\img\3062.png   5.349457556653811   1.8618425559048672   0.056863977072310404   0.5714285714285714  
D:\Huy\datasets\ahuyboom\hard\img\3063.png   5.804903508178494   2.110386137373854   0.05297495900848765   0.75  
D:\Huy\datasets\ahuyboom\hard\img\3064.png   5.7704699603631635   2.063466063521608   0.050048285590277776   0.25  
D:\Huy\datasets\ahuyboom\hard\img\3065.png   5.378615090387669   1.8715428961047011   0.05194699349647266   0.2857142857142857  
D:\Huy\datasets\ahuyboom\hard\img\3066.png   5.410730042777849   1.9593756300804923   0.05330508708112875   0.2857142857142857  
D:\Huy\datasets\ahuyboom\hard\img\3067.png   5.532230136890861   2.1096119585680255   0.05368021108906525   0.2857142857142857  
D:\Huy\datasets\ahuyboom\hard\img\3068.png   5.507007427911102   1.8472346743237187   0.0524218147183642   0.75  
D:\Huy\datasets\ahuyboom\hard\img\3069.png   5.454062144471985   1.967833661399529   0.05183280285493827   0.5  
D:\Huy\datasets\ahuyboom\hard\img\307.png   6.961981739574131   1.9612703584611406   0.04037160643653362   1.5555555555555556  
D:\Huy\datasets\ahuyboom\hard\img\3070.png   5.385720244987899   1.9858918593869943   0.05435950761959876   0.5  
D:\Huy\datasets\ahuyboom\hard\img\3071.png   5.7496232119021675   2.3237219592720066   0.05061648019547325   0.6666666666666666  
D:\Huy\datasets\ahuyboom\hard\img\3072.png   5.897010035397982   2.4381385397588966   0.05016155478395062   0.6666666666666666  
D:\Huy\datasets\ahuyboom\hard\img\3073.png   6.039642307760896   2.356430134781681   0.04563536844135802   0.8  
D:\Huy\datasets\ahuyboom\hard\img\3074.png   6.13536920207619   2.4577855419427364   0.046864052854938276   1.0  
D:\Huy\datasets\ahuyboom\hard\img\3075.png   6.247805619239852   2.142542307560304   0.049620032793209874   1.4  
D:\Huy\datasets\ahuyboom\hard\img\3076.png   6.368556156888296   2.805605627485129   0.05247391010802469   1.2  
D:\Huy\datasets\ahuyboom\hard\img\3077.png   5.808350484943519   2.5512839463239225   0.056061117541152256   0.8888888888888888  
D:\Huy\datasets\ahuyboom\hard\img\3078.png   5.161286723304684   2.1399217949729517   0.06131293402777778   0.75  
D:\Huy\datasets\ahuyboom\hard\img\3079.png   4.9701510386068914   1.9791930576233148   0.06325774016203703   0.75  
D:\Huy\datasets\ahuyboom\hard\img\308.png   6.25593264585863   1.5201990926764135   0.0537488047955281   2.0  
D:\Huy\datasets\ahuyboom\hard\img\3080.png   4.997584941132171   1.9746770450633468   0.06060866367669754   1.0  
D:\Huy\datasets\ahuyboom\hard\img\3081.png   5.941731100084812   2.254798830458492   0.04952218364197532   1.2  
D:\Huy\datasets\ahuyboom\hard\img\3082.png   5.739414790059195   2.1511422538666576   0.04811260609567901   1.0  
D:\Huy\datasets\ahuyboom\hard\img\3083.png   5.428172826736044   1.9702151613311525   0.05172041109396433   0.8888888888888888  
D:\Huy\datasets\ahuyboom\hard\img\3084.png   5.908189341266852   2.1291761529969597   0.04697150420096022   1.1111111111111112  
D:\Huy\datasets\ahuyboom\hard\img\3085.png   5.597650431638745   1.9313178442599799   0.047352966392318244   1.1111111111111112  
D:\Huy\datasets\ahuyboom\hard\img\3086.png   5.9832406675580945   2.351032096028582   0.044396098572530865   0.75  
D:\Huy\datasets\ahuyboom\hard\img\3087.png   5.081875893794695   1.4626537904565857   0.04921358300264551   0.5714285714285714  
D:\Huy\datasets\ahuyboom\hard\img\3088.png   5.460186954500258   1.973204280356473   0.047450190145502655   0.2857142857142857  
D:\Huy\datasets\ahuyboom\hard\img\3089.png   5.643121046198738   2.196712223802782   0.04479049548059965   0.2857142857142857  
D:\Huy\datasets\ahuyboom\hard\img\309.png   6.587658796651082   2.1126582395626694   0.05728085108773822   2.0  
D:\Huy\datasets\ahuyboom\hard\img\3090.png   6.102203742144261   1.972497790465813   0.038163941936728396   0.5  
D:\Huy\datasets\ahuyboom\hard\img\3091.png   6.204483007309652   1.9742746459399632   0.03470261059670782   0.4444444444444444  
D:\Huy\datasets\ahuyboom\hard\img\3092.png   6.376031081463614   2.37750649196296   0.03681116174768519   0.5  
D:\Huy\datasets\ahuyboom\hard\img\3093.png   6.17925631579067   1.9208414378696663   0.034157021604938276   0.4444444444444444  
D:\Huy\datasets\ahuyboom\hard\img\3094.png   5.802636241367533   1.5143347723897262   0.034140625   0.25  
D:\Huy\datasets\ahuyboom\hard\img\3095.png   6.026570886450839   1.7978997886307349   0.03472378954475308   0.5  
D:\Huy\datasets\ahuyboom\hard\img\3096.png   5.93199029258666   1.6600377587937944   0.03368845244984568   0.5  
D:\Huy\datasets\ahuyboom\hard\img\3097.png   5.92863530263993   1.5738796332901008   0.03304741753472223   0.5  
D:\Huy\datasets\ahuyboom\hard\img\3098.png   5.845503566770963   1.491191694282541   0.03250108506944445   0.5  
D:\Huy\datasets\ahuyboom\hard\img\3099.png   5.757664784633378   1.4569820769614026   0.03306333188657407   0.25  
D:\Huy\datasets\ahuyboom\hard\img\310.png   4.31918494659121   1.637047383450162   0.09934756775889966   0.8  
D:\Huy\datasets\ahuyboom\hard\img\3100.png   5.618411852654546   1.2330530078718154   0.035683412905092596   0.25  
D:\Huy\datasets\ahuyboom\hard\img\3101.png   5.6149236337868675   1.2100909128328048   0.03638050974151235   0.25  
D:\Huy\datasets\ahuyboom\hard\img\3102.png   6.030648849653177   1.542044524748389   0.030130315500685876   0.4444444444444444  
D:\Huy\datasets\ahuyboom\hard\img\3103.png   5.739078285086564   1.4604487657673786   0.033260754243827156   0.25  
D:\Huy\datasets\ahuyboom\hard\img\3104.png   5.705578302589978   1.378527056790625   0.032415424864969136   0.5  
D:\Huy\datasets\ahuyboom\hard\img\3105.png   5.763383528497064   1.3594267869993575   0.031016589506172837   0.25  
D:\Huy\datasets\ahuyboom\hard\img\3106.png   6.490811875131799   1.825867965021488   0.025580102237654317   0.6  
D:\Huy\datasets\ahuyboom\hard\img\3107.png   6.085337439443201   1.497566986759544   0.02836173268175583   0.6666666666666666  
D:\Huy\datasets\ahuyboom\hard\img\3108.png   6.382822255838964   1.5954367289407616   0.024788773148148143   0.8  
D:\Huy\datasets\ahuyboom\hard\img\3109.png   6.882453878624605   1.7978930264222925   0.022860900673400672   1.0909090909090908  
D:\Huy\datasets\ahuyboom\hard\img\311.png   4.246460994752772   2.509319993334187   0.15696488167475728   0.5  
D:\Huy\datasets\ahuyboom\hard\img\3110.png   6.31812591391917   1.4946761388879468   0.02470572916666667   1.0  
D:\Huy\datasets\ahuyboom\hard\img\3111.png   6.5447902131649665   1.534815072360973   0.02303573933782267   0.7272727272727273  
D:\Huy\datasets\ahuyboom\hard\img\3112.png   6.252338600031226   1.3624451559976032   0.02527146026234568   0.6  
D:\Huy\datasets\ahuyboom\hard\img\3113.png   6.208302925021102   1.375454718282994   0.0253353587962963   0.6  
D:\Huy\datasets\ahuyboom\hard\img\3114.png   6.6545762057297075   1.6394478177146867   0.02157913773148148   0.6666666666666666  
D:\Huy\datasets\ahuyboom\hard\img\3115.png   6.187136381095048   1.3028883325485126   0.024854070216049382   0.6  
D:\Huy\datasets\ahuyboom\hard\img\3116.png   6.182153386334802   1.2997572686937726   0.024885609567901236   0.6  
D:\Huy\datasets\ahuyboom\hard\img\3117.png   6.27968751791893   1.2980257697533415   0.023926938657407408   0.6  
D:\Huy\datasets\ahuyboom\hard\img\3118.png   6.447761063821273   1.4667815820658694   0.02217843364197531   0.6  
D:\Huy\datasets\ahuyboom\hard\img\3119.png   6.09423671787916   1.2204166794453286   0.025452942815500687   0.4444444444444444  
D:\Huy\datasets\ahuyboom\hard\img\3120.png   6.3586045377296125   1.2820825337068373   0.023170428240740743   0.6  
D:\Huy\datasets\ahuyboom\hard\img\3121.png   6.5706943179115935   1.402630238590472   0.020658933080808083   0.7272727272727273  
D:\Huy\datasets\ahuyboom\hard\img\3122.png   6.82797930631525   2.4780315290902433   0.02189665316358025   0.6  
D:\Huy\datasets\ahuyboom\hard\img\3123.png   6.402727412988833   1.201869036626994   0.02011911651234568   0.36363636363636365  
D:\Huy\datasets\ahuyboom\hard\img\3124.png   6.577984008895247   1.2809217803589636   0.017957027540360875   0.9230769230769231  
D:\Huy\datasets\ahuyboom\hard\img\3125.png   6.415600665742049   1.2850570845529337   0.020466514099326597   0.7272727272727273  
D:\Huy\datasets\ahuyboom\hard\img\3126.png   6.419966185384033   1.2633243303534882   0.02021951283670034   0.5454545454545454  
D:\Huy\datasets\ahuyboom\hard\img\3127.png   6.283424425897853   1.2719155908891393   0.022068769290123462   0.4  
D:\Huy\datasets\ahuyboom\hard\img\3128.png   6.434693672797468   1.2901278620591274   0.021147981551627382   0.5454545454545454  
D:\Huy\datasets\ahuyboom\hard\img\3129.png   6.344349872890317   1.3602419129729155   0.022059365354938267   0.4  
D:\Huy\datasets\ahuyboom\hard\img\313.png   6.882471263211541   2.546512838389629   0.06561341187971954   1.0  
D:\Huy\datasets\ahuyboom\hard\img\3130.png   6.406998998474643   1.384751265540753   0.021666570216049383   0.6  
D:\Huy\datasets\ahuyboom\hard\img\3131.png   6.298282876170715   1.252972714142262   0.021003279320987653   0.4  
D:\Huy\datasets\ahuyboom\hard\img\3132.png   6.445116949264094   1.272890429947098   0.019552819865319867   0.36363636363636365  
D:\Huy\datasets\ahuyboom\hard\img\3133.png   6.25073400672474   1.1809269419562132   0.020309895833333334   0.2  
D:\Huy\datasets\ahuyboom\hard\img\3134.png   6.229070107329167   1.0658416533410426   0.0190602640993266   0.0  
D:\Huy\datasets\ahuyboom\hard\img\3135.png   6.2271131891754035   1.0452569652061672   0.018759469696969698   0.0  
D:\Huy\datasets\ahuyboom\hard\img\3136.png   6.174042415623961   1.0207080112636724   0.019009145272166107   0.0  
D:\Huy\datasets\ahuyboom\hard\img\3137.png   6.121279724642479   1.060147364720701   0.01994169560185185   0.0  
D:\Huy\datasets\ahuyboom\hard\img\3138.png   6.599840294720896   1.1454760799113237   0.01662526179453263   0.7142857142857143  
D:\Huy\datasets\ahuyboom\hard\img\3139.png   6.322394480902169   1.000497257607933   0.01786498521090535   0.6666666666666666  
D:\Huy\datasets\ahuyboom\hard\img\314.png   5.381467257486085   0.9661187316276884   0.04752224919093852   1.4285714285714286  
D:\Huy\datasets\ahuyboom\hard\img\3140.png   6.33900465033102   0.9601805049230487   0.017680956196581197   0.6153846153846154  
D:\Huy\datasets\ahuyboom\hard\img\3141.png   6.468079992443295   1.0365373036636887   0.0168729332010582   0.42857142857142855  
D:\Huy\datasets\ahuyboom\hard\img\3142.png   6.361111429477765   1.045072725503461   0.017730591168091166   0.6153846153846154  
D:\Huy\datasets\ahuyboom\hard\img\3143.png   6.527275497922604   1.16163556410181   0.01641244509734093   0.15384615384615385  
D:\Huy\datasets\ahuyboom\hard\img\3144.png   6.4920216133286575   1.2320995597728854   0.017501567322530862   0.16666666666666666  
D:\Huy\datasets\ahuyboom\hard\img\3145.png   6.378575238575231   1.1639209847269492   0.018170682519640855   0.18181818181818182  
D:\Huy\datasets\ahuyboom\hard\img\3146.png   6.339265935551134   1.2092548092816693   0.018835503472222227   0.2  
D:\Huy\datasets\ahuyboom\hard\img\3147.png   6.376597255804696   1.1427813622226515   0.01754866372053872   0.18181818181818182  
D:\Huy\datasets\ahuyboom\hard\img\3148.png   6.4118958504276575   1.4342642236124088   0.01986853780864197   0.8  
D:\Huy\datasets\ahuyboom\hard\img\3149.png   5.714414890263725   1.3683708824981315   0.029774029982363316   0.5714285714285714  
D:\Huy\datasets\ahuyboom\hard\img\315.png   3.3462001419987395   0.8943679802606944   0.23639717966221685   1.5  
D:\Huy\datasets\ahuyboom\hard\img\3150.png   6.518736715599792   1.5561460254652018   0.02073091483410494   0.75  
D:\Huy\datasets\ahuyboom\hard\img\3152.png   6.411691319397101   1.568847892936812   0.021350911458333333   0.75  
D:\Huy\datasets\ahuyboom\hard\img\3153.png   6.3414183739731405   1.6266694432124955   0.023582658179012346   0.75  
D:\Huy\datasets\ahuyboom\hard\img\3154.png   5.939152342715694   1.5050319817906694   0.028301986882716047   0.5714285714285714  
D:\Huy\datasets\ahuyboom\hard\img\3155.png   5.48643392086491   1.458574961377754   0.037455552340534985   0.3333333333333333  
D:\Huy\datasets\ahuyboom\hard\img\3156.png   5.782013526129494   1.507101426212608   0.03396184689153439   0.5714285714285714  
D:\Huy\datasets\ahuyboom\hard\img\3157.png   6.11212987972154   1.4971012021646493   0.022758391203703703   0.4  
D:\Huy\datasets\ahuyboom\hard\img\3158.png   6.481597201467556   0.7364408762275464   0.013910108024691357   0.5  
D:\Huy\datasets\ahuyboom\hard\img\3159.png   6.34503323268908   0.5255824983433551   0.013127290702160493   0.0  
D:\Huy\datasets\ahuyboom\hard\img\316.png   5.369622887193124   1.3480085674425948   0.09846158222087378   2.2  
D:\Huy\datasets\ahuyboom\hard\img\3160.png   6.299522805563187   0.5691557497783029   0.01395604263117284   0.5  
D:\Huy\datasets\ahuyboom\hard\img\3161.png   6.301050142763998   0.5860564851338649   0.01374903549382716   0.0  
D:\Huy\datasets\ahuyboom\hard\img\3162.png   6.1433065328015335   0.5651910213078384   0.01530201099537037   0.5  
D:\Huy\datasets\ahuyboom\hard\img\3163.png   6.695340060810842   1.4858960970464745   0.014385954034391536   0.2857142857142857  
D:\Huy\datasets\ahuyboom\hard\img\3164.png   6.3678868510931   1.282715532560677   0.01693817515432099   0.4  
D:\Huy\datasets\ahuyboom\hard\img\3165.png   6.290435641441367   1.250596982524364   0.01793923611111111   0.4  
D:\Huy\datasets\ahuyboom\hard\img\3166.png   6.311398656757637   1.329842578088683   0.018297260802469135   0.4  
D:\Huy\datasets\ahuyboom\hard\img\3167.png   6.694485598117189   1.6405794702273748   0.016600517618312754   0.3333333333333333  
D:\Huy\datasets\ahuyboom\hard\img\3168.png   6.33173042489151   1.519931160642705   0.019579475308641976   0.25  
D:\Huy\datasets\ahuyboom\hard\img\3169.png   6.156561496335355   1.481637032607401   0.02836826223544974   1.1428571428571428  
D:\Huy\datasets\ahuyboom\hard\img\317.png   3.4871938395624595   1.0881402704913592   0.1236377427184466   0.8  
D:\Huy\datasets\ahuyboom\hard\img\3170.png   6.1099614559518365   1.621384121586575   0.03558135609567901   1.3333333333333333  
D:\Huy\datasets\ahuyboom\hard\img\3171.png   5.6173632428361735   1.4725775890060726   0.04533248671124828   0.6666666666666666  
D:\Huy\datasets\ahuyboom\hard\img\3172.png   5.386244650882918   1.4070048999159368   0.04615092378257887   0.8888888888888888  
D:\Huy\datasets\ahuyboom\hard\img\3173.png   5.24611934977948   1.424314499006497   0.05138026861496913   0.75  
D:\Huy\datasets\ahuyboom\hard\img\3174.png   4.832056147502399   1.5526053822247772   0.06338514109347443   0.0  
D:\Huy\datasets\ahuyboom\hard\img\3175.png   5.288102299690678   1.0545789514104504   0.03508937757201646   0.0  
D:\Huy\datasets\ahuyboom\hard\img\3176.png   6.397765583424185   1.0251234595890137   0.019408516589506174   1.0  
D:\Huy\datasets\ahuyboom\hard\img\3177.png   6.975531359666473   1.2425603663219424   0.012563228737997256   0.6666666666666666  
D:\Huy\datasets\ahuyboom\hard\img\319.png   6.545972951870228   1.4349676596821574   0.01839674668790453   0.5  
D:\Huy\datasets\ahuyboom\hard\img\32.png   6.7979988611623385   2.213361113681626   0.04713535806705671   2.3636363636363638  
D:\Huy\datasets\ahuyboom\hard\img\320.png   4.356516116023083   1.9865766438480494   0.13053927198913545   1.1428571428571428  
D:\Huy\datasets\ahuyboom\hard\img\321.png   6.669415016314461   0.8618716719148337   0.013929673052473416   0.8571428571428571  
D:\Huy\datasets\ahuyboom\hard\img\322.png   6.524224012891726   1.999613347379144   0.027629269244105407   0.5714285714285714  
D:\Huy\datasets\ahuyboom\hard\img\323.png   6.076997828010517   1.7949299181077514   0.035768734830097085   0.8888888888888888  
D:\Huy\datasets\ahuyboom\hard\img\324.png   6.510650024705576   2.6058122754263526   0.04406077231661273   0.6666666666666666  
D:\Huy\datasets\ahuyboom\hard\img\325.png   6.126550400066397   1.8197962409981698   0.04752787469660195   1.6  
D:\Huy\datasets\ahuyboom\hard\img\326.png   6.218220127033364   1.8717062198990735   0.039609459277238405   0.6666666666666666  
D:\Huy\datasets\ahuyboom\hard\img\3266.png   6.962797319909349   0.866628576844452   0.011146797839506173   0.5  
D:\Huy\datasets\ahuyboom\hard\img\33.png   6.923663445729499   2.0983630581114916   0.03474670422005435   1.411764705882353  
D:\Huy\datasets\ahuyboom\hard\img\331.png   6.879091528319596   2.2625030305336185   0.06949742759146342   3.0  
D:\Huy\datasets\ahuyboom\hard\img\332.png   4.349597532364028   2.8984772873555165   0.12242965574186991   0.5  
D:\Huy\datasets\ahuyboom\hard\img\333.png   6.4340359880748395   2.368307555106868   0.037953717818428184   1.1111111111111112  
D:\Huy\datasets\ahuyboom\hard\img\335.png   4.071384421752238   1.7489235354221868   0.19762423780487803   1.2  
D:\Huy\datasets\ahuyboom\hard\img\336.png   6.820687838914607   1.4312540332744363   0.027386986425667826   1.8571428571428572  
D:\Huy\datasets\ahuyboom\hard\img\337.png   4.864616908285578   2.1614851151377015   0.16934051974448314   2.0  
D:\Huy\datasets\ahuyboom\hard\img\338.png   6.221918600158551   1.8956233203580317   0.08788959286077236   2.75  
D:\Huy\datasets\ahuyboom\hard\img\339.png   5.609381719627857   2.079364851454193   0.0433286331300813   0.4  
D:\Huy\datasets\ahuyboom\hard\img\340.png   4.52282990948875   1.133721898414737   0.09443438770325202   1.3333333333333333  
D:\Huy\datasets\ahuyboom\hard\img\341.png   2.7253935017524107   1.2810425854325957   0.2588239964430894   1.0  
D:\Huy\datasets\ahuyboom\hard\img\342.png   5.532572125619949   1.9036450819690593   0.08441800958188153   1.4285714285714286  
D:\Huy\datasets\ahuyboom\hard\img\351.png   5.734005353008743   1.8590731006166743   0.03666952489837398   0.0  
D:\Huy\datasets\ahuyboom\hard\img\352.png   4.659465064310232   2.0115756787244683   0.1360427555168409   1.4285714285714286  
D:\Huy\datasets\ahuyboom\hard\img\353.png   6.848690794023049   0.9831748772821514   0.015542058350271002   0.5  
D:\Huy\datasets\ahuyboom\hard\img\354.png   6.798066591366701   1.3286425863501061   0.022341300087108017   1.4285714285714286  
D:\Huy\datasets\ahuyboom\hard\img\356.png   6.730831202077346   1.0995078236444369   0.011827997967479673   0.0  
D:\Huy\datasets\ahuyboom\hard\img\357.png   6.414500696979927   2.327737855565255   0.06037338487224158   2.0  
D:\Huy\datasets\ahuyboom\hard\img\358.png   4.660686909700297   1.4046866423887636   0.0699909262485482   0.2857142857142857  
D:\Huy\datasets\ahuyboom\hard\img\36.png   6.929293398384474   1.668743528022467   0.03523106101970491   2.235294117647059  
D:\Huy\datasets\ahuyboom\hard\img\360.png   5.59566637279003   2.4720392284150052   0.15617483909214094   2.0  
D:\Huy\datasets\ahuyboom\hard\img\361.png   6.062064841048652   2.357239902791649   0.08128789803523036   2.0  
D:\Huy\datasets\ahuyboom\hard\img\364.png   6.314759346061641   0.8468894412534751   0.018812700394623256   0.8235294117647058  
D:\Huy\datasets\ahuyboom\hard\img\365.png   5.564813795130133   0.6959931296292398   0.051336852351003284   2.0  
D:\Huy\datasets\ahuyboom\hard\img\366.png   6.638864402437337   1.6950754721823738   0.03196241974580712   1.75  
D:\Huy\datasets\ahuyboom\hard\img\367.png   4.09607331909456   0.9415609202803077   0.17061058700209644   2.0  
D:\Huy\datasets\ahuyboom\hard\img\369.png   5.2291812571825815   0.879491870176187   0.060820230607966465   1.8  
D:\Huy\datasets\ahuyboom\hard\img\370.png   5.72947362949743   1.8042341338143464   0.06224291360936408   1.8333333333333333  
D:\Huy\datasets\ahuyboom\hard\img\371.png   3.934300686715052   0.722664632223906   0.14260831586303283   1.6666666666666667  
D:\Huy\datasets\ahuyboom\hard\img\372.png   4.738429797075998   0.6183773182138176   0.06822605476939203   1.5  
D:\Huy\datasets\ahuyboom\hard\img\373.png   6.741057980853266   1.0148560757049914   0.022794156184486374   1.75  
D:\Huy\datasets\ahuyboom\hard\img\374.png   6.709672071592993   1.002051781196438   0.013089529050613957   0.8571428571428571  
D:\Huy\datasets\ahuyboom\hard\img\376.png   6.348286654033311   1.8261980200982504   0.06596485484730114   2.1818181818181817  
D:\Huy\datasets\ahuyboom\hard\img\377.png   5.719669408442636   1.4290129678466257   0.059244222689075636   1.7142857142857142  
D:\Huy\datasets\ahuyboom\hard\img\378.png   5.516563781314484   0.48366055916831197   0.023210720486111114   0.0  
D:\Huy\datasets\ahuyboom\hard\img\379.png   6.209784460633494   0.9201615566356244   0.022958443110850896   1.1666666666666667  
D:\Huy\datasets\ahuyboom\hard\img\38.png   6.584334616160396   1.8205719452669404   0.03909657148750589   1.5714285714285714  
D:\Huy\datasets\ahuyboom\hard\img\381.png   6.1280246553657385   1.7434448186356706   0.06449273003472222   1.6666666666666667  
D:\Huy\datasets\ahuyboom\hard\img\382.png   5.990022781668472   1.5482353754401146   0.0352843237704918   0.75  
D:\Huy\datasets\ahuyboom\hard\img\383.png   5.8219921774006655   1.6440279173966834   0.04782133333333333   1.3333333333333333  
D:\Huy\datasets\ahuyboom\hard\img\384.png   4.355264243040479   0.34572229149884404   0.12083861774136087   2.0  
D:\Huy\datasets\ahuyboom\hard\img\385.png   4.091591466585473   1.8852397050382945   0.18077864583333336   1.6  
D:\Huy\datasets\ahuyboom\hard\img\386.png   4.494919107508575   1.1621708303353842   0.1121075324292453   1.6666666666666667  
D:\Huy\datasets\ahuyboom\hard\img\387.png   5.6971836642407085   2.5787574759430036   0.1230738901869159   1.2  
D:\Huy\datasets\ahuyboom\hard\img\388.png   6.624526208714703   1.9589727529597913   0.04101727166276346   1.4  
D:\Huy\datasets\ahuyboom\hard\img\389.png   4.7250241059004106   1.865859538894451   0.1517985026041667   2.0  
D:\Huy\datasets\ahuyboom\hard\img\39.png   6.230945995573321   1.5161885543818974   0.05449939525202519   1.8181818181818181  
D:\Huy\datasets\ahuyboom\hard\img\390.png   3.2506635093470337   0.5026528282860182   0.14635662650602413   1.2  
D:\Huy\datasets\ahuyboom\hard\img\391.png   5.817344407530796   1.1652909250741812   0.03026323784722222   1.2  
D:\Huy\datasets\ahuyboom\hard\img\392.png   5.727590411933657   1.5995289093239984   0.05603971048513302   1.3333333333333333  
D:\Huy\datasets\ahuyboom\hard\img\393.png   6.353596626754894   0.7717586636819779   0.05452429978175016   3.2941176470588234  
D:\Huy\datasets\ahuyboom\hard\img\395.png   5.33312054846808   1.5368429876765861   0.07673663880445795   1.3333333333333333  
D:\Huy\datasets\ahuyboom\hard\img\396.png   6.078379772473825   0.6226178323263672   0.021340065502183404   1.2  
D:\Huy\datasets\ahuyboom\hard\img\397.png   3.729246967662293   0.5498194386242823   0.08075673302107728   0.0  
D:\Huy\datasets\ahuyboom\hard\img\398.png   6.565033139858467   1.509240924988569   0.019960394965277777   0.8333333333333334  
D:\Huy\datasets\ahuyboom\hard\img\399.png   5.8465976246144615   2.50259858882274   0.12711774553571428   1.7142857142857142  
D:\Huy\datasets\ahuyboom\hard\img\400.png   4.421230049837591   1.0730587371097318   0.14281266666666664   2.0  
D:\Huy\datasets\ahuyboom\hard\img\402.png   5.274369746651298   2.2559419470155446   0.1923658854166667   2.4  
D:\Huy\datasets\ahuyboom\hard\img\403.png   5.681184566634876   1.2917084766790436   0.032773437499999995   0.8571428571428571  
D:\Huy\datasets\ahuyboom\hard\img\404.png   6.363660457600772   0.5575833196981063   0.021099446614583336   1.25  
D:\Huy\datasets\ahuyboom\hard\img\405.png   6.287432297518525   1.9672198570380128   0.055041227556596406   1.3333333333333333  
D:\Huy\datasets\ahuyboom\hard\img\406.png   6.804242629363117   0.5952495602493982   0.010929467084639499   1.0  
D:\Huy\datasets\ahuyboom\hard\img\407.png   6.831944634124862   1.241997510519512   0.015098010244286841   0.3333333333333333  
D:\Huy\datasets\ahuyboom\hard\img\408.png   4.7137061617617455   0.7206700831139371   0.08098165495706479   1.6666666666666667  
D:\Huy\datasets\ahuyboom\hard\img\409.png   5.659221034273128   1.3223759088421883   0.03890404929577465   1.2  
D:\Huy\datasets\ahuyboom\hard\img\410.png   5.852828898746301   1.051981208008845   0.023675944010416665   0.5  
D:\Huy\datasets\ahuyboom\hard\img\411.png   5.834124901028143   1.393861450416533   0.0477326368559719   1.5  
D:\Huy\datasets\ahuyboom\hard\img\412.png   5.636447828106794   1.6186625246471569   0.04758455882352942   0.5714285714285714  
D:\Huy\datasets\ahuyboom\hard\img\413.png   5.97102756824282   0.6525194219786098   0.038553864168618265   1.8333333333333333  
D:\Huy\datasets\ahuyboom\hard\img\414.png   6.304082674352006   1.1152310746797294   0.01935474537037037   0.4444444444444444  
D:\Huy\datasets\ahuyboom\hard\img\416.png   5.4354726190372125   1.3275739328589349   0.08770469114219114   2.0  
D:\Huy\datasets\ahuyboom\hard\img\417.png   5.122543865422098   0.4976576205215682   0.030410698784722218   0.0  
D:\Huy\datasets\ahuyboom\hard\img\418.png   6.547536036360128   1.6666536480644194   0.030246036756453425   1.3333333333333333  
D:\Huy\datasets\ahuyboom\hard\img\419.png   4.984031998006963   1.8302194940227186   0.1311279296875   1.6666666666666667  
D:\Huy\datasets\ahuyboom\hard\img\420.png   5.75187649941887   0.9898865146414715   0.02953418427230047   0.8  
D:\Huy\datasets\ahuyboom\hard\img\421.png   6.4528581990768625   1.3762369983367198   0.02232905592873832   0.625  
D:\Huy\datasets\ahuyboom\hard\img\422.png   5.562723837653212   1.1998427209131735   0.07946795355466131   2.2857142857142856  
D:\Huy\datasets\ahuyboom\hard\img\423.png   6.825273122466473   1.2453534887178987   0.01367947048611111   1.0  
D:\Huy\datasets\ahuyboom\hard\img\424.png   5.939473060085395   1.9456589451049588   0.04962611607142857   1.1428571428571428  
D:\Huy\datasets\ahuyboom\hard\img\425.png   5.11924073902424   1.6536877296054642   0.06941708542713568   0.4  
D:\Huy\datasets\ahuyboom\hard\img\426.png   5.581871063032784   0.5195867434279356   0.052180013020833325   1.8  
D:\Huy\datasets\ahuyboom\hard\img\427.png   5.7844334220727855   1.3266178570274412   0.0311909412202381   0.8571428571428571  
D:\Huy\datasets\ahuyboom\hard\img\428.png   5.425589082176462   0.9349220143335107   0.029302465521727813   0.0  
D:\Huy\datasets\ahuyboom\hard\img\429.png   4.985635367611285   1.043389847069139   0.08273651960784313   1.6666666666666667  
D:\Huy\datasets\ahuyboom\hard\img\430.png   6.371034479966573   1.0834843966345333   0.04371185661764706   2.25  
D:\Huy\datasets\ahuyboom\hard\img\431.png   4.5371326075597   0.971141805943568   0.08409953703703704   0.8  
D:\Huy\datasets\ahuyboom\hard\img\432.png   6.155042003155681   1.4053424949120716   0.05760836497274144   2.0  
D:\Huy\datasets\ahuyboom\hard\img\433.png   6.177710469669394   1.1707150928255092   0.019027099609375   0.25  
D:\Huy\datasets\ahuyboom\hard\img\434.png   6.133176701591434   2.515451427364055   0.0921990605529595   2.0  
D:\Huy\datasets\ahuyboom\hard\img\435.png   5.246291415899449   0.44584096395225453   0.06654482886904761   1.75  
D:\Huy\datasets\ahuyboom\hard\img\437.png   5.095631730083338   2.0999592688720856   0.1577926470588235   2.0  
D:\Huy\datasets\ahuyboom\hard\img\438.png   6.468994176296395   1.6380304414832445   0.03666051793981481   0.4444444444444444  
D:\Huy\datasets\ahuyboom\hard\img\439.png   4.623015640868244   1.531122199431265   0.08473394553783509   0.8571428571428571  
D:\Huy\datasets\ahuyboom\hard\img\44.png   6.675490635201947   1.4438988041799645   0.030253316905351248   1.2857142857142858  
D:\Huy\datasets\ahuyboom\hard\img\440.png   6.716439137062641   0.3658848457581748   0.011148638758782201   1.0  
D:\Huy\datasets\ahuyboom\hard\img\441.png   5.1079110652251565   1.1867694594995717   0.04387990196078431   0.6666666666666666  
D:\Huy\datasets\ahuyboom\hard\img\442.png   6.162992520570963   0.8647931577376439   0.020200453112687155   0.8888888888888888  
D:\Huy\datasets\ahuyboom\hard\img\443.png   6.899682952641088   0.6926196084338638   0.033016044061302686   3.259259259259259  
D:\Huy\datasets\ahuyboom\hard\img\444.png   6.694938430119805   0.9644234334565339   0.05044352213541667   3.75  
D:\Huy\datasets\ahuyboom\hard\img\445.png   5.969096634483062   1.756792218081038   0.0660232204861111   1.6666666666666667  
D:\Huy\datasets\ahuyboom\hard\img\446.png   5.45668692715799   1.1538768783926814   0.07500596788194445   2.0  
D:\Huy\datasets\ahuyboom\hard\img\447.png   3.3624851348234017   0.4623115019230748   0.20792447306791567   1.6  
D:\Huy\datasets\ahuyboom\hard\img\448.png   5.1129685242418645   2.4948637167552685   0.18805772569444446   2.0  
D:\Huy\datasets\ahuyboom\hard\img\449.png   4.40045852256226   1.1487782979704741   0.0728515625   0.8  
D:\Huy\datasets\ahuyboom\hard\img\450.png   6.313668822048209   1.3734416852866507   0.022201405152224827   0.0  
D:\Huy\datasets\ahuyboom\hard\img\451.png   4.937466931949912   1.3420783027954675   0.09877720588235295   2.0  
D:\Huy\datasets\ahuyboom\hard\img\452.png   5.120899796916902   0.5896423567655261   0.07910186666666666   2.0  
D:\Huy\datasets\ahuyboom\hard\img\453.png   5.7239242636155945   1.680269502523494   0.10618749999999999   1.6  
D:\Huy\datasets\ahuyboom\hard\img\455.png   6.352868826892847   1.1138297104213697   0.05038085937499999   2.857142857142857  
D:\Huy\datasets\ahuyboom\hard\img\456.png   6.3525038423302504   0.5136268988823666   0.019104134139994795   1.3333333333333333  
D:\Huy\datasets\ahuyboom\hard\img\457.png   6.42204159383254   1.1497617906829194   0.02157447973713034   1.2727272727272727  
D:\Huy\datasets\ahuyboom\hard\img\458.png   5.375697868232924   0.7701305045425909   0.027475911458333335   0.0  
D:\Huy\datasets\ahuyboom\hard\img\459.png   4.9664352994968946   0.8574132014053436   0.050650111607142854   1.1428571428571428  
D:\Huy\datasets\ahuyboom\hard\img\49.png   6.890236744003709   1.2087587790755743   0.027055386178861787   1.6923076923076923  
D:\Huy\datasets\ahuyboom\hard\img\5.png   6.571319398538939   1.372934753114825   0.044795792079207926   2.0  
D:\Huy\datasets\ahuyboom\hard\img\50.png   6.605169820913478   1.9982482184306536   0.0209398818597561   0.75  
D:\Huy\datasets\ahuyboom\hard\img\52.png   6.779618276151029   1.863782928974839   0.05000035286811201   2.3333333333333335  
D:\Huy\datasets\ahuyboom\hard\img\53.png   6.723636729795155   1.4760383386547358   0.03637525406504065   2.1333333333333333  
D:\Huy\datasets\ahuyboom\hard\img\54.png   6.152025130042719   0.744494979638667   0.03769308943089431   1.7142857142857142  
D:\Huy\datasets\ahuyboom\hard\img\55.png   6.0893911455500715   1.1346190445942506   0.0362424839092141   1.5  
D:\Huy\datasets\ahuyboom\hard\img\56.png   5.741493555671822   0.7791721161756807   0.032772403492647054   1.1764705882352942  
D:\Huy\datasets\ahuyboom\hard\img\58.png   4.401449368591632   1.094379064181481   0.060108036702642864   0.3333333333333333  
D:\Huy\datasets\ahuyboom\hard\img\59.png   5.339029559368061   1.4691424325737383   0.04440623054171855   1.0  
D:\Huy\datasets\ahuyboom\hard\img\594.png   6.9926708299210185   1.547718442211852   0.013621884300595239   0.8571428571428571  
D:\Huy\datasets\ahuyboom\hard\img\6.png   5.723032898846976   1.3449669284789805   0.06408332044141914   1.8  
D:\Huy\datasets\ahuyboom\hard\img\60.png   6.590562672104155   1.43754784420945   0.02905094394285319   1.3333333333333333  
D:\Huy\datasets\ahuyboom\hard\img\61.png   6.535980764975801   1.7666896935540426   0.0417510264243462   1.75  
D:\Huy\datasets\ahuyboom\hard\img\71.png   6.689335698791937   1.932696702210874   0.04239320895998978   1.3846153846153846  
D:\Huy\datasets\ahuyboom\hard\img\72.png   6.31875734585924   1.8525819141921065   0.041522321597041396   1.0909090909090908  
D:\Huy\datasets\ahuyboom\hard\img\73.png   5.766810369679417   1.6250370872569484   0.039803814193797075   1.1428571428571428  
D:\Huy\datasets\ahuyboom\hard\img\74.png   5.445213369026529   1.7124211525467516   0.10290972064983585   2.727272727272727  
D:\Huy\datasets\ahuyboom\hard\img\76.png   6.475289014664238   2.1832966996587855   0.05925381814722568   2.0  
D:\Huy\datasets\ahuyboom\hard\img\77.png   5.5192022897497495   1.6549136105850888   0.09364855749273558   2.2  
D:\Huy\datasets\ahuyboom\hard\img\78.png   6.363462846615492   2.4236557346890435   0.0522302683047546   1.6923076923076923  
D:\Huy\datasets\ahuyboom\hard\img\788.png   6.711253615161853   0.5444586143793422   0.010256347656250001   0.0  
D:\Huy\datasets\ahuyboom\hard\img\79.png   6.572605652092243   2.573349291100763   0.05083184153175591   1.4285714285714286  
D:\Huy\datasets\ahuyboom\hard\img\798.png   6.790660786794185   1.696271964564888   0.022683279854910716   0.8571428571428571  
D:\Huy\datasets\ahuyboom\hard\img\8.png   5.875716259924189   1.5565004471908614   0.06562951216996699   2.1818181818181817  
D:\Huy\datasets\ahuyboom\hard\img\803.png   6.4008297334434525   1.0585740895405655   0.02204437255859375   0.6666666666666666  
D:\Huy\datasets\ahuyboom\hard\img\804.png   6.913071836768316   1.7381441131147417   0.02003211975097656   0.5  
D:\Huy\datasets\ahuyboom\hard\img\809.png   6.696634072903795   1.0337536831873915   0.012970377604166666   0.4  
D:\Huy\datasets\ahuyboom\hard\img\81.png   6.61488202552905   0.507243069859221   0.013591438902361756   1.1578947368421053  
D:\Huy\datasets\ahuyboom\hard\img\815.png   6.572975672766158   1.63148234065824   0.021541631789434523   0.8571428571428571  
D:\Huy\datasets\ahuyboom\hard\img\82.png   6.449471544371688   0.5052256506571036   0.0254524699045247   1.7  
D:\Huy\datasets\ahuyboom\hard\img\83.png   6.056009267891603   1.50301859653125   0.06484239366319444   2.5  
D:\Huy\datasets\ahuyboom\hard\img\834.png   6.699379435029834   0.6568567487251697   0.010651282108191289   0.0  
D:\Huy\datasets\ahuyboom\hard\img\84.png   6.209260085652364   1.477662094516825   0.0628908502739331   2.7058823529411766  
D:\Huy\datasets\ahuyboom\hard\img\85.png   6.344594842175391   0.6950666555753534   0.020987902539488016   1.3333333333333333  
D:\Huy\datasets\ahuyboom\hard\img\850.png   6.112457442386858   1.3670772431249323   0.039393107096354164   1.6666666666666667  
D:\Huy\datasets\ahuyboom\hard\img\858.png   6.453929625462441   0.9338957926524436   0.017824490865071617   0.75  
D:\Huy\datasets\ahuyboom\hard\img\86.png   6.133154562713049   0.9339251061818684   0.03143531284041395   1.4666666666666666  
D:\Huy\datasets\ahuyboom\hard\img\87.png   6.685485469484318   1.4775703868660282   0.043376480800653594   2.0  
D:\Huy\datasets\ahuyboom\hard\img\88.png   6.416017972945642   1.398862171719988   0.05224045564406318   2.3333333333333335  
D:\Huy\datasets\ahuyboom\hard\img\89.png   6.280374087657141   1.8188912677498257   0.03423468562772331   0.6666666666666666  
D:\Huy\datasets\ahuyboom\hard\img\91.png   4.316944561363117   1.8232892514253127   0.0963870378880719   0.0  
D:\Huy\datasets\ahuyboom\hard\img\92.png   6.994412586531712   2.6432260133954357   0.034836218341503265   0.6  
D:\Huy\datasets\ahuyboom\hard\img\93.png   6.956669252473687   2.1902145833740927   0.04629740568102242   2.142857142857143  
D:\Huy\datasets\ahuyboom\hard\img\942.png   6.952424037183541   2.0924413352814217   0.042667452494303384   2.125  
D:\Huy\datasets\ahuyboom\hard\img\950.png   6.183910894579681   1.3455406119540587   0.02599397316957132   1.0769230769230769  
D:\Huy\datasets\ahuyboom\hard\img\959.png   6.285331305528685   1.0459686987070247   0.02997381036931818   1.4545454545454546  
D:\Huy\datasets\ahuyboom\hard\img\982.png   6.711545310667747   2.006712652584258   0.03535236176990327   1.4285714285714286  
D:\Huy\datasets\ahuyboom\hard\img\986.png   6.509541604618927   1.7609260383512593   0.026755218505859373   1.0  
D:\Huy\datasets\ahuyboom\hard\img\989.png   5.613815422003973   1.4553601893443722   0.04773532182742388   1.3846153846153846  
D:\Huy\datasets\ahuyboom\hard\img\997.png   6.3700335942274355   1.2016690959521006   0.029004711574978293   1.5  
