D:\Huy\datasets\ahuyboom\nor\img\1000.png   7.595083694663519   0.30353707770659966   0.005284786224365234   0.0  
D:\Huy\datasets\ahuyboom\nor\img\1002.png   7.990246994466536   1.1022612020899467   0.006379127502441406   0.6666666666666666  
D:\Huy\datasets\ahuyboom\nor\img\1005.png   7.879398653368646   0.4919126978696322   0.005225181579589844   0.6666666666666666  
D:\Huy\datasets\ahuyboom\nor\img\1007.png   7.3064245649978785   1.065661747046524   0.009859630039760045   0.8571428571428571  
D:\Huy\datasets\ahuyboom\nor\img\1008.png   7.476022513286435   0.5351080323083253   0.010280036926269531   0.4  
D:\Huy\datasets\ahuyboom\nor\img\1010.png   7.082142230390989   1.6098615150934614   0.011065363883972168   0.0  
D:\Huy\datasets\ahuyboom\nor\img\1011.png   7.414345567140543   0.22404606316653056   0.006219455174037388   0.2857142857142857  
D:\Huy\datasets\ahuyboom\nor\img\1012.png   7.551057192664516   1.1492975772656644   0.007306235177176339   0.2857142857142857  
D:\Huy\datasets\ahuyboom\nor\img\1015.png   7.137836227199229   0.648404065105829   0.00865328311920166   0.5  
D:\Huy\datasets\ahuyboom\nor\img\1017.png   7.815334421149584   0.23165725611276455   0.0060214996337890625   0.5  
D:\Huy\datasets\ahuyboom\nor\img\1019.png   7.767103703985922   0.5282363253741936   0.0072053273518880205   0.6666666666666666  
D:\Huy\datasets\ahuyboom\nor\img\1023.png   7.9636896604865095   0.29812446147731403   0.004374980926513672   1.0  
D:\Huy\datasets\ahuyboom\nor\img\1030.png   7.314796349086   0.6330996895494422   0.011342144012451172   1.2  
D:\Huy\datasets\ahuyboom\nor\img\1034.png   7.549975459138074   0.1798253670961491   0.006515185038248698   0.6666666666666666  
D:\Huy\datasets\ahuyboom\nor\img\1045.png   7.495504400120864   0.47869252633693316   0.008667389551798502   1.0  
D:\Huy\datasets\ahuyboom\nor\img\1047.png   7.390356907333286   0.6787868624194529   0.007149287632533482   0.5714285714285714  
D:\Huy\datasets\ahuyboom\nor\img\1048.png   7.63520182254682   0.9298514370370887   0.013681602478027344   0.8  
D:\Huy\datasets\ahuyboom\nor\img\1054.png   7.329020874698006   0.39997571312339475   0.006456732749938965   0.0  
D:\Huy\datasets\ahuyboom\nor\img\1060.png   7.294478174371808   0.8372933057649011   0.008150736490885416   0.6666666666666666  
D:\Huy\datasets\ahuyboom\nor\img\1065.png   7.415296499249243   0.8130074000419261   0.010242938995361328   1.0  
D:\Huy\datasets\ahuyboom\nor\img\1067.png   7.145307949079341   0.5737271600701388   0.008751948674519857   0.6666666666666666  
D:\Huy\datasets\ahuyboom\nor\img\1072.png   7.537861967171966   1.2565667361014137   0.007677157719930013   0.3333333333333333  
D:\Huy\datasets\ahuyboom\nor\img\1074.png   7.785524103829854   0.6564319082801089   0.006889224052429199   0.5  
D:\Huy\datasets\ahuyboom\nor\img\1077.png   7.425268137906406   1.31817548325041   0.008369366327921549   0.3333333333333333  
D:\Huy\datasets\ahuyboom\nor\img\1079.png   7.928957883515977   1.0069645806153764   0.0053399403889973955   0.0  
D:\Huy\datasets\ahuyboom\nor\img\1080.png   7.783492678974053   0.27870994397230536   0.0046236515045166016   0.0  
D:\Huy\datasets\ahuyboom\nor\img\1086.png   7.324918645603202   1.548581307301562   0.01287393569946289   0.8  
D:\Huy\datasets\ahuyboom\nor\img\1090.png   7.046816842749324   1.2124697257893884   0.011009979248046874   0.0  
D:\Huy\datasets\ahuyboom\nor\img\1091.png   7.025141559383424   1.5774375877218396   0.018158626556396485   0.8  
D:\Huy\datasets\ahuyboom\nor\img\1093.png   7.362064598279647   1.043640334218988   0.007750868797302246   0.0  
D:\Huy\datasets\ahuyboom\nor\img\1100.png   7.663076128819782   1.3683850575591698   0.007223963737487793   0.0  
D:\Huy\datasets\ahuyboom\nor\img\1104.png   7.305405791295251   1.7474519678335365   0.015207409858703613   0.0  
D:\Huy\datasets\ahuyboom\nor\img\1110.png   7.937778629034237   1.6206943534958689   0.011307716369628906   0.6  
D:\Huy\datasets\ahuyboom\nor\img\1111.png   7.892793785675343   1.0829246133512365   0.006954610347747803   0.75  
D:\Huy\datasets\ahuyboom\nor\img\1113.png   7.295935092200982   0.6885143912379373   0.008381366729736328   0.4  
D:\Huy\datasets\ahuyboom\nor\img\1118.png   7.640235339260404   0.26682349502252034   0.005101680755615234   0.0  
D:\Huy\datasets\ahuyboom\nor\img\1127.png   7.08846977848632   0.019218090828053924   0.007348462877030162   0.0  
D:\Huy\datasets\ahuyboom\nor\img\1133.png   7.483602803561821   0.10497095071171447   0.005602213541666666   0.0  
D:\Huy\datasets\ahuyboom\nor\img\1134.png   7.0993680638140875   1.0774938745266407   0.0101806640625   0.0  
D:\Huy\datasets\ahuyboom\nor\img\1143.png   7.078259287283771   0.07374380616127807   0.00740966796875   0.0  
D:\Huy\datasets\ahuyboom\nor\img\12.png   7.447315495634021   1.0267957745828917   0.009923902546504652   1.2727272727272727  
D:\Huy\datasets\ahuyboom\nor\img\121.png   7.2758158855078605   1.4801615268029602   0.011461391063274625   1.0  
D:\Huy\datasets\ahuyboom\nor\img\1229.png   7.959801620583158   0.0   0.0040166219075520836   0.0  
D:\Huy\datasets\ahuyboom\nor\img\1230.png   7.166230069120697   0.44661421321632133   0.0072985331217447925   0.0  
D:\Huy\datasets\ahuyboom\nor\img\1244.png   7.45567948377619   0.0   0.005696614583333333   0.0  
D:\Huy\datasets\ahuyboom\nor\img\1274.png   7.569705901017661   0.8122257091802249   0.0061920166015625   0.0  
D:\Huy\datasets\ahuyboom\nor\img\1277.png   7.161854316453221   0.8630037378459762   0.009195327758789062   0.5  
D:\Huy\datasets\ahuyboom\nor\img\132.png   7.1002424550145244   2.5872041608522127   0.05185567144043172   1.3333333333333333  
D:\Huy\datasets\ahuyboom\nor\img\1327.png   7.983602306951761   0.6811913414225729   0.00513916015625   1.0  
D:\Huy\datasets\ahuyboom\nor\img\135.png   7.326556185173795   2.7782552917382946   0.03781627814964716   0.25  
D:\Huy\datasets\ahuyboom\nor\img\1353.png   7.95872844144137   0.5623452475783877   0.004423777262369792   0.5  
D:\Huy\datasets\ahuyboom\nor\img\1358.png   7.366632385063262   1.4564348191535246   0.010241317749023437   0.5  
D:\Huy\datasets\ahuyboom\nor\img\136.png   7.273955347299764   3.5088578839295295   0.044537195585996954   0.0  
D:\Huy\datasets\ahuyboom\nor\img\1368.png   7.9385429789382105   1.926279305284723   0.012145614624023438   0.5  
D:\Huy\datasets\ahuyboom\nor\img\1372.png   7.929226137656926   0.8710227790091166   0.008517456054687499   0.5  
D:\Huy\datasets\ahuyboom\nor\img\1381.png   7.269967985225485   0.2867007833638578   0.007217407226562499   0.5  
D:\Huy\datasets\ahuyboom\nor\img\1392.png   7.63419155256749   0.24044197747688859   0.006144544813368055   0.6666666666666666  
D:\Huy\datasets\ahuyboom\nor\img\1406.png   7.298172743120194   0.23422170679680887   0.00643768310546875   0.0  
D:\Huy\datasets\ahuyboom\nor\img\1407.png   7.319196344512438   0.5638962237913875   0.0068089803059895836   0.6666666666666666  
D:\Huy\datasets\ahuyboom\nor\img\1409.png   7.420948253936397   0.6599898041483945   0.006735483805338541   1.0  
D:\Huy\datasets\ahuyboom\nor\img\1410.png   7.635919735178753   1.3127832158035393   0.00877367655436198   0.5  
D:\Huy\datasets\ahuyboom\nor\img\1424.png   7.560376862442883   0.0   0.0052978515625   0.0  
D:\Huy\datasets\ahuyboom\nor\img\1427.png   7.245899788160731   0.4670035135286059   0.013943227132161458   1.0  
D:\Huy\datasets\ahuyboom\nor\img\1429.png   7.682504501117911   1.2734657424605107   0.006890614827473959   0.0  
D:\Huy\datasets\ahuyboom\nor\img\1435.png   7.79087148632696   1.0581960180812304   0.005653720431857638   0.0  
D:\Huy\datasets\ahuyboom\nor\img\1447.png   7.870150439550878   0.6016847660542184   0.004687245686848958   0.0  
D:\Huy\datasets\ahuyboom\nor\img\1450.png   7.03184301446624   0.17877489593918805   0.016537645128038195   1.3333333333333333  
D:\Huy\datasets\ahuyboom\nor\img\1487.png   7.191584944020221   0.464631152982081   0.007864728412256267   1.0  
D:\Huy\datasets\ahuyboom\nor\img\1500.png   7.595325787013857   0.324764879935958   0.005297167056074766   0.0  
D:\Huy\datasets\ahuyboom\nor\img\1504.png   7.1173006215841506   0.15146721664241963   0.007404513888888888   0.6666666666666666  
D:\Huy\datasets\ahuyboom\nor\img\1510.png   7.139917678378128   0.35638403100853155   0.007303757440476191   0.0  
D:\Huy\datasets\ahuyboom\nor\img\1511.png   7.0898362804757875   0.36057657976704033   0.00763671875   0.2857142857142857  
D:\Huy\datasets\ahuyboom\nor\img\1513.png   7.070201406593874   0.913681968473545   0.009403483072916666   0.25  
D:\Huy\datasets\ahuyboom\nor\img\1515.png   7.367155662753208   1.58032516307488   0.016340258049242423   0.18181818181818182  
D:\Huy\datasets\ahuyboom\nor\img\1516.png   7.064370406816213   1.8182250382539673   0.025074869791666666   0.4444444444444444  
D:\Huy\datasets\ahuyboom\nor\img\152.png   7.89586914407206   1.4241041940031784   0.00661346448215027   0.0  
D:\Huy\datasets\ahuyboom\nor\img\1606.png   7.013276625859206   0.4936199078020626   0.009050021701388888   0.6666666666666666  
D:\Huy\datasets\ahuyboom\nor\img\1631.png   7.18786110895871   2.738312529652892   0.04406005859375   0.25  
D:\Huy\datasets\ahuyboom\nor\img\165.png   7.2760534214407215   0.9667906222046092   0.009991286057692308   0.4  
D:\Huy\datasets\ahuyboom\nor\img\173.png   7.577765624488431   1.2820778954954979   0.011484077137799564   1.1666666666666667  
D:\Huy\datasets\ahuyboom\nor\img\174.png   7.479414749760851   2.0012684838510424   0.015286155152165033   1.25  
D:\Huy\datasets\ahuyboom\nor\img\175.png   7.177415255602378   2.2183034972160174   0.024292209781639932   0.9090909090909091  
D:\Huy\datasets\ahuyboom\nor\img\180.png   7.631553536962513   0.9375782148484603   0.013703121518493759   2.0  
D:\Huy\datasets\ahuyboom\nor\img\182.png   7.4880571082139875   1.4170090701729767   0.03240368412990196   3.2142857142857144  
D:\Huy\datasets\ahuyboom\nor\img\196.png   7.249237394701304   1.761398597065573   0.01569191261574074   0.3333333333333333  
D:\Huy\datasets\ahuyboom\nor\img\201.png   7.095725915636396   1.5263928861333924   0.013558389501633985   0.4  
D:\Huy\datasets\ahuyboom\nor\img\2022.png   7.230727486856341   1.859468303746052   0.03198075121252204   1.7142857142857142  
D:\Huy\datasets\ahuyboom\nor\img\2023.png   7.064732856674821   1.8588428368195398   0.032505752590388   1.4285714285714286  
D:\Huy\datasets\ahuyboom\nor\img\2024.png   7.255179172594541   2.1729134799833973   0.039652174961419755   1.5  
D:\Huy\datasets\ahuyboom\nor\img\2025.png   7.277014611736948   2.5062518712409134   0.043710192199775524   1.4545454545454546  
D:\Huy\datasets\ahuyboom\nor\img\209.png   7.419042917924647   1.893016089458595   0.013812295751633988   0.5  
D:\Huy\datasets\ahuyboom\nor\img\211.png   7.25871465109143   2.730652552005934   0.06226681644880175   2.0  
D:\Huy\datasets\ahuyboom\nor\img\1000.png   7.595083694663519   0.30353707770659966   0.005284786224365234   0.0  
D:\Huy\datasets\ahuyboom\nor\img\1002.png   7.990246994466536   1.1022612020899467   0.006379127502441406   0.6666666666666666  
D:\Huy\datasets\ahuyboom\nor\img\1005.png   7.879398653368646   0.4919126978696322   0.005225181579589844   0.6666666666666666  
D:\Huy\datasets\ahuyboom\nor\img\1007.png   7.3064245649978785   1.065661747046524   0.009859630039760045   0.8571428571428571  
D:\Huy\datasets\ahuyboom\nor\img\1008.png   7.476022513286435   0.5351080323083253   0.010280036926269531   0.4  
D:\Huy\datasets\ahuyboom\nor\img\1010.png   7.082142230390989   1.6098615150934614   0.011065363883972168   0.0  
D:\Huy\datasets\ahuyboom\nor\img\1011.png   7.414345567140543   0.22404606316653056   0.006219455174037388   0.2857142857142857  
D:\Huy\datasets\ahuyboom\nor\img\1012.png   7.551057192664516   1.1492975772656644   0.007306235177176339   0.2857142857142857  
D:\Huy\datasets\ahuyboom\nor\img\1015.png   7.137836227199229   0.648404065105829   0.00865328311920166   0.5  
D:\Huy\datasets\ahuyboom\nor\img\1017.png   7.815334421149584   0.23165725611276455   0.0060214996337890625   0.5  
D:\Huy\datasets\ahuyboom\nor\img\1019.png   7.767103703985922   0.5282363253741936   0.0072053273518880205   0.6666666666666666  
D:\Huy\datasets\ahuyboom\nor\img\1023.png   7.9636896604865095   0.29812446147731403   0.004374980926513672   1.0  
D:\Huy\datasets\ahuyboom\nor\img\1030.png   7.314796349086   0.6330996895494422   0.011342144012451172   1.2  
D:\Huy\datasets\ahuyboom\nor\img\1034.png   7.549975459138074   0.1798253670961491   0.006515185038248698   0.6666666666666666  
D:\Huy\datasets\ahuyboom\nor\img\1045.png   7.495504400120864   0.47869252633693316   0.008667389551798502   1.0  
D:\Huy\datasets\ahuyboom\nor\img\1047.png   7.390356907333286   0.6787868624194529   0.007149287632533482   0.5714285714285714  
D:\Huy\datasets\ahuyboom\nor\img\1048.png   7.63520182254682   0.9298514370370887   0.013681602478027344   0.8  
D:\Huy\datasets\ahuyboom\nor\img\1054.png   7.329020874698006   0.39997571312339475   0.006456732749938965   0.0  
D:\Huy\datasets\ahuyboom\nor\img\1060.png   7.294478174371808   0.8372933057649011   0.008150736490885416   0.6666666666666666  
D:\Huy\datasets\ahuyboom\nor\img\1065.png   7.415296499249243   0.8130074000419261   0.010242938995361328   1.0  
D:\Huy\datasets\ahuyboom\nor\img\1067.png   7.145307949079341   0.5737271600701388   0.008751948674519857   0.6666666666666666  
D:\Huy\datasets\ahuyboom\nor\img\1072.png   7.537861967171966   1.2565667361014137   0.007677157719930013   0.3333333333333333  
D:\Huy\datasets\ahuyboom\nor\img\1074.png   7.785524103829854   0.6564319082801089   0.006889224052429199   0.5  
D:\Huy\datasets\ahuyboom\nor\img\1077.png   7.425268137906406   1.31817548325041   0.008369366327921549   0.3333333333333333  
D:\Huy\datasets\ahuyboom\nor\img\1079.png   7.928957883515977   1.0069645806153764   0.0053399403889973955   0.0  
D:\Huy\datasets\ahuyboom\nor\img\1080.png   7.783492678974053   0.27870994397230536   0.0046236515045166016   0.0  
D:\Huy\datasets\ahuyboom\nor\img\1086.png   7.324918645603202   1.548581307301562   0.01287393569946289   0.8  
D:\Huy\datasets\ahuyboom\nor\img\1090.png   7.046816842749324   1.2124697257893884   0.011009979248046874   0.0  
D:\Huy\datasets\ahuyboom\nor\img\1091.png   7.025141559383424   1.5774375877218396   0.018158626556396485   0.8  
D:\Huy\datasets\ahuyboom\nor\img\1093.png   7.362064598279647   1.043640334218988   0.007750868797302246   0.0  
D:\Huy\datasets\ahuyboom\nor\img\1100.png   7.663076128819782   1.3683850575591698   0.007223963737487793   0.0  
D:\Huy\datasets\ahuyboom\nor\img\1104.png   7.305405791295251   1.7474519678335365   0.015207409858703613   0.0  
D:\Huy\datasets\ahuyboom\nor\img\1110.png   7.937778629034237   1.6206943534958689   0.011307716369628906   0.6  
D:\Huy\datasets\ahuyboom\nor\img\1111.png   7.892793785675343   1.0829246133512365   0.006954610347747803   0.75  
D:\Huy\datasets\ahuyboom\nor\img\1113.png   7.295935092200982   0.6885143912379373   0.008381366729736328   0.4  
D:\Huy\datasets\ahuyboom\nor\img\1118.png   7.640235339260404   0.26682349502252034   0.005101680755615234   0.0  
D:\Huy\datasets\ahuyboom\nor\img\1127.png   7.08846977848632   0.019218090828053924   0.007348462877030162   0.0  
D:\Huy\datasets\ahuyboom\nor\img\1133.png   7.483602803561821   0.10497095071171447   0.005602213541666666   0.0  
D:\Huy\datasets\ahuyboom\nor\img\1134.png   7.0993680638140875   1.0774938745266407   0.0101806640625   0.0  
D:\Huy\datasets\ahuyboom\nor\img\1143.png   7.078259287283771   0.07374380616127807   0.00740966796875   0.0  
D:\Huy\datasets\ahuyboom\nor\img\12.png   7.447315495634021   1.0267957745828917   0.009923902546504652   1.2727272727272727  
D:\Huy\datasets\ahuyboom\nor\img\121.png   7.2758158855078605   1.4801615268029602   0.011461391063274625   1.0  
D:\Huy\datasets\ahuyboom\nor\img\1229.png   7.959801620583158   0.0   0.0040166219075520836   0.0  
D:\Huy\datasets\ahuyboom\nor\img\1230.png   7.166230069120697   0.44661421321632133   0.0072985331217447925   0.0  
D:\Huy\datasets\ahuyboom\nor\img\1244.png   7.45567948377619   0.0   0.005696614583333333   0.0  
D:\Huy\datasets\ahuyboom\nor\img\1274.png   7.569705901017661   0.8122257091802249   0.0061920166015625   0.0  
D:\Huy\datasets\ahuyboom\nor\img\1277.png   7.161854316453221   0.8630037378459762   0.009195327758789062   0.5  
D:\Huy\datasets\ahuyboom\nor\img\132.png   7.1002424550145244   2.5872041608522127   0.05185567144043172   1.3333333333333333  
D:\Huy\datasets\ahuyboom\nor\img\1327.png   7.983602306951761   0.6811913414225729   0.00513916015625   1.0  
D:\Huy\datasets\ahuyboom\nor\img\135.png   7.326556185173795   2.7782552917382946   0.03781627814964716   0.25  
D:\Huy\datasets\ahuyboom\nor\img\1353.png   7.95872844144137   0.5623452475783877   0.004423777262369792   0.5  
D:\Huy\datasets\ahuyboom\nor\img\1358.png   7.366632385063262   1.4564348191535246   0.010241317749023437   0.5  
D:\Huy\datasets\ahuyboom\nor\img\136.png   7.273955347299764   3.5088578839295295   0.044537195585996954   0.0  
D:\Huy\datasets\ahuyboom\nor\img\1368.png   7.9385429789382105   1.926279305284723   0.012145614624023438   0.5  
D:\Huy\datasets\ahuyboom\nor\img\1372.png   7.929226137656926   0.8710227790091166   0.008517456054687499   0.5  
D:\Huy\datasets\ahuyboom\nor\img\1381.png   7.269967985225485   0.2867007833638578   0.007217407226562499   0.5  
D:\Huy\datasets\ahuyboom\nor\img\1392.png   7.63419155256749   0.24044197747688859   0.006144544813368055   0.6666666666666666  
D:\Huy\datasets\ahuyboom\nor\img\1406.png   7.298172743120194   0.23422170679680887   0.00643768310546875   0.0  
D:\Huy\datasets\ahuyboom\nor\img\1407.png   7.319196344512438   0.5638962237913875   0.0068089803059895836   0.6666666666666666  
D:\Huy\datasets\ahuyboom\nor\img\1409.png   7.420948253936397   0.6599898041483945   0.006735483805338541   1.0  
D:\Huy\datasets\ahuyboom\nor\img\1410.png   7.635919735178753   1.3127832158035393   0.00877367655436198   0.5  
D:\Huy\datasets\ahuyboom\nor\img\1424.png   7.560376862442883   0.0   0.0052978515625   0.0  
D:\Huy\datasets\ahuyboom\nor\img\1427.png   7.245899788160731   0.4670035135286059   0.013943227132161458   1.0  
D:\Huy\datasets\ahuyboom\nor\img\1429.png   7.682504501117911   1.2734657424605107   0.006890614827473959   0.0  
D:\Huy\datasets\ahuyboom\nor\img\1435.png   7.79087148632696   1.0581960180812304   0.005653720431857638   0.0  
D:\Huy\datasets\ahuyboom\nor\img\1447.png   7.870150439550878   0.6016847660542184   0.004687245686848958   0.0  
D:\Huy\datasets\ahuyboom\nor\img\1450.png   7.03184301446624   0.17877489593918805   0.016537645128038195   1.3333333333333333  
D:\Huy\datasets\ahuyboom\nor\img\1487.png   7.191584944020221   0.464631152982081   0.007864728412256267   1.0  
D:\Huy\datasets\ahuyboom\nor\img\1500.png   7.595325787013857   0.324764879935958   0.005297167056074766   0.0  
D:\Huy\datasets\ahuyboom\nor\img\1504.png   7.1173006215841506   0.15146721664241963   0.007404513888888888   0.6666666666666666  
D:\Huy\datasets\ahuyboom\nor\img\1510.png   7.139917678378128   0.35638403100853155   0.007303757440476191   0.0  
D:\Huy\datasets\ahuyboom\nor\img\1511.png   7.0898362804757875   0.36057657976704033   0.00763671875   0.2857142857142857  
D:\Huy\datasets\ahuyboom\nor\img\1513.png   7.070201406593874   0.913681968473545   0.009403483072916666   0.25  
D:\Huy\datasets\ahuyboom\nor\img\1515.png   7.367155662753208   1.58032516307488   0.016340258049242423   0.18181818181818182  
D:\Huy\datasets\ahuyboom\nor\img\1516.png   7.064370406816213   1.8182250382539673   0.025074869791666666   0.4444444444444444  
D:\Huy\datasets\ahuyboom\nor\img\152.png   7.89586914407206   1.4241041940031784   0.00661346448215027   0.0  
D:\Huy\datasets\ahuyboom\nor\img\1606.png   7.013276625859206   0.4936199078020626   0.009050021701388888   0.6666666666666666  
D:\Huy\datasets\ahuyboom\nor\img\1631.png   7.18786110895871   2.738312529652892   0.04406005859375   0.25  
D:\Huy\datasets\ahuyboom\nor\img\165.png   7.2760534214407215   0.9667906222046092   0.009991286057692308   0.4  
D:\Huy\datasets\ahuyboom\nor\img\173.png   7.577765624488431   1.2820778954954979   0.011484077137799564   1.1666666666666667  
D:\Huy\datasets\ahuyboom\nor\img\174.png   7.479414749760851   2.0012684838510424   0.015286155152165033   1.25  
D:\Huy\datasets\ahuyboom\nor\img\175.png   7.177415255602378   2.2183034972160174   0.024292209781639932   0.9090909090909091  
D:\Huy\datasets\ahuyboom\nor\img\180.png   7.631553536962513   0.9375782148484603   0.013703121518493759   2.0  
D:\Huy\datasets\ahuyboom\nor\img\182.png   7.4880571082139875   1.4170090701729767   0.03240368412990196   3.2142857142857144  
D:\Huy\datasets\ahuyboom\nor\img\196.png   7.249237394701304   1.761398597065573   0.01569191261574074   0.3333333333333333  
D:\Huy\datasets\ahuyboom\nor\img\201.png   7.095725915636396   1.5263928861333924   0.013558389501633985   0.4  
D:\Huy\datasets\ahuyboom\nor\img\2022.png   7.230727486856341   1.859468303746052   0.03198075121252204   1.7142857142857142  
D:\Huy\datasets\ahuyboom\nor\img\2023.png   7.064732856674821   1.8588428368195398   0.032505752590388   1.4285714285714286  
D:\Huy\datasets\ahuyboom\nor\img\2024.png   7.255179172594541   2.1729134799833973   0.039652174961419755   1.5  
D:\Huy\datasets\ahuyboom\nor\img\2025.png   7.277014611736948   2.5062518712409134   0.043710192199775524   1.4545454545454546  
D:\Huy\datasets\ahuyboom\nor\img\209.png   7.419042917924647   1.893016089458595   0.013812295751633988   0.5  
D:\Huy\datasets\ahuyboom\nor\img\211.png   7.25871465109143   2.730652552005934   0.06226681644880175   2.0  
