D:\Huy\datasets\ahuyboom\nor\img\1001.png   8.596573015886182   0.7709245818354743   0.003462076187133789   0.5  
D:\Huy\datasets\ahuyboom\nor\img\1003.png   8.466857459460519   0.716892154250149   0.0032373155866350445   0.0  
D:\Huy\datasets\ahuyboom\nor\img\1004.png   10.131482473969053   0.3890862612152895   0.001260519027709961   0.5  
D:\Huy\datasets\ahuyboom\nor\img\1006.png   9.457898157721889   0.2716604020631629   0.001447296142578125   0.0  
D:\Huy\datasets\ahuyboom\nor\img\1009.png   8.105205310023516   0.9570791008475413   0.004244518280029297   0.0  
D:\Huy\datasets\ahuyboom\nor\img\1013.png   8.794004446207833   1.6535241181193965   0.004439989725748698   0.0  
D:\Huy\datasets\ahuyboom\nor\img\1014.png   8.170897897952504   0.8225471604860636   0.004448127746582031   0.4  
D:\Huy\datasets\ahuyboom\nor\img\1016.png   8.7495652491427   0.29221215450446864   0.0023718833923339843   0.0  
D:\Huy\datasets\ahuyboom\nor\img\1018.png   8.115594884607946   0.24279788322695248   0.0036586125691731772   0.0  
D:\Huy\datasets\ahuyboom\nor\img\1021.png   8.314744756415676   0.8062096227685263   0.003644704818725586   0.0  
D:\Huy\datasets\ahuyboom\nor\img\1022.png   8.692682274779303   1.279943510472684   0.004506111145019531   0.5714285714285714  
D:\Huy\datasets\ahuyboom\nor\img\1024.png   9.138589079950165   1.4586707923222442   0.003458404541015625   0.8  
D:\Huy\datasets\ahuyboom\nor\img\1025.png   10.325739572873347   4.038269507624086   0.0038048956129286024   1.5555555555555556  
D:\Huy\datasets\ahuyboom\nor\img\1026.png   8.078122859186376   1.2318698274503352   0.0066109299659729   0.5  
D:\Huy\datasets\ahuyboom\nor\img\1028.png   8.619006515182353   0.7930760545465282   0.003328680992126465   0.75  
D:\Huy\datasets\ahuyboom\nor\img\1029.png   9.587968886425667   0.24059812004145026   0.002009749412536621   1.0  
D:\Huy\datasets\ahuyboom\nor\img\1031.png   8.378947904333288   2.3367085692502396   0.013243675231933594   0.0  
D:\Huy\datasets\ahuyboom\nor\img\1032.png   8.210194807853076   0.6526892572004495   0.0037676493326822915   0.0  
D:\Huy\datasets\ahuyboom\nor\img\1033.png   8.4303674289708   0.8192529760998964   0.0034628868103027343   0.8  
D:\Huy\datasets\ahuyboom\nor\img\1035.png   8.637681747295535   1.026504956955095   0.00344085693359375   0.4  
D:\Huy\datasets\ahuyboom\nor\img\1036.png   8.50293523308236   1.9075857120306423   0.006755987803141276   0.6666666666666666  
D:\Huy\datasets\ahuyboom\nor\img\1039.png   8.396616418691472   1.456451597288291   0.004981888665093316   0.8888888888888888  
D:\Huy\datasets\ahuyboom\nor\img\1040.png   8.103083851364786   1.0241001247401134   0.00724334716796875   0.4  
D:\Huy\datasets\ahuyboom\nor\img\1041.png   8.986618868952736   0.14232418689262843   0.0022426843643188477   1.0  
D:\Huy\datasets\ahuyboom\nor\img\1042.png   8.119541867099848   1.854726734341583   0.010815715789794922   0.6  
D:\Huy\datasets\ahuyboom\nor\img\1043.png   9.205281377542216   0.651753773332273   0.0019639560154506137   0.5714285714285714  
D:\Huy\datasets\ahuyboom\nor\img\1044.png   8.428923485552295   0.6427448927517809   0.003177165985107422   0.0  
D:\Huy\datasets\ahuyboom\nor\img\1046.png   8.274485674506762   0.8073532153267111   0.0038487116495768228   0.6666666666666666  
D:\Huy\datasets\ahuyboom\nor\img\1050.png   8.423851998918854   0.5046153805151417   0.0035825835333930123   0.4444444444444444  
D:\Huy\datasets\ahuyboom\nor\img\1053.png   9.0785638555471   0.08774321867762491   0.0022649765014648438   0.6666666666666666  
D:\Huy\datasets\ahuyboom\nor\img\1055.png   8.260248662886104   1.1127107987362204   0.004284381866455078   0.0  
D:\Huy\datasets\ahuyboom\nor\img\1056.png   8.713344166359574   0.7285552590449804   0.0027333895365397134   0.0  
D:\Huy\datasets\ahuyboom\nor\img\1057.png   10.070788471100876   2.2495513065007846   0.0028543472290039062   0.8  
D:\Huy\datasets\ahuyboom\nor\img\1058.png   8.672547614972425   0.5772005217601279   0.0026690165201822915   0.0  
D:\Huy\datasets\ahuyboom\nor\img\1059.png   9.017140047398858   0.36412743030280315   0.0036279133387974332   1.1428571428571428  
D:\Huy\datasets\ahuyboom\nor\img\106.png   8.760716388699818   0.8368156436537244   0.0028547627423389623   0.3076923076923077  
D:\Huy\datasets\ahuyboom\nor\img\1062.png   8.359318160019132   1.9891829866635682   0.006416511535644531   0.4  
D:\Huy\datasets\ahuyboom\nor\img\1063.png   8.021818812386194   0.5995566111927897   0.004356956481933594   0.4  
D:\Huy\datasets\ahuyboom\nor\img\1068.png   8.12325301130846   1.3689081941950019   0.009530258178710938   0.8  
D:\Huy\datasets\ahuyboom\nor\img\1069.png   8.42191363033227   1.276745663611692   0.004858732223510742   0.5  
D:\Huy\datasets\ahuyboom\nor\img\107.png   8.397258051732756   0.9068522553268661   0.0039233464600271   0.16666666666666666  
D:\Huy\datasets\ahuyboom\nor\img\1070.png   8.419612590759908   3.5932774131645693   0.013266384601593018   0.25  
D:\Huy\datasets\ahuyboom\nor\img\1071.png   9.220182108351741   0.3831513751970305   0.0017342567443847656   0.0  
D:\Huy\datasets\ahuyboom\nor\img\1073.png   9.398400610651853   1.8063138084280457   0.003695147378104074   0.2857142857142857  
D:\Huy\datasets\ahuyboom\nor\img\1075.png   9.287417576200106   0.8932295495198224   0.0023615360260009766   0.75  
D:\Huy\datasets\ahuyboom\nor\img\1076.png   9.677322497932396   0.7587166766276514   0.0017734766006469727   1.0  
D:\Huy\datasets\ahuyboom\nor\img\1078.png   9.21246836715886   0.635963026306636   0.001874542236328125   0.0  
D:\Huy\datasets\ahuyboom\nor\img\1081.png   8.563081494816037   0.7146008841417626   0.003019945962088449   0.0  
D:\Huy\datasets\ahuyboom\nor\img\1082.png   8.915453120669186   1.5893524358545421   0.003910064697265625   0.0  
D:\Huy\datasets\ahuyboom\nor\img\1083.png   8.886094806053714   0.4193488104536816   0.0022083918253580728   0.0  
D:\Huy\datasets\ahuyboom\nor\img\1084.png   9.06529929213023   1.76539250859386   0.004988574981689453   0.4  
D:\Huy\datasets\ahuyboom\nor\img\1085.png   8.22810650946175   0.13368335965024422   0.0036089420318603516   0.5  
D:\Huy\datasets\ahuyboom\nor\img\1087.png   8.457358221521881   0.8664488669194399   0.004753907521565755   0.3333333333333333  
D:\Huy\datasets\ahuyboom\nor\img\1088.png   8.729865227783442   1.9581200310353544   0.004525237613254123   0.2222222222222222  
D:\Huy\datasets\ahuyboom\nor\img\1089.png   8.254563917049884   1.8176721074321047   0.006301005681355794   0.0  
D:\Huy\datasets\ahuyboom\nor\img\1092.png   8.353255671349375   0.5680258575667734   0.003291893005371094   0.0  
D:\Huy\datasets\ahuyboom\nor\img\1094.png   9.120022086404111   2.0182623835145708   0.005309740702311198   0.6666666666666666  
D:\Huy\datasets\ahuyboom\nor\img\1095.png   8.358083115867345   1.290833296197222   0.005366855197482639   0.6666666666666666  
D:\Huy\datasets\ahuyboom\nor\img\1096.png   8.59262463542899   0.34772130072727353   0.0026693344116210938   0.0  
D:\Huy\datasets\ahuyboom\nor\img\1097.png   9.89273430891363   0.15291454899819198   0.0010579824447631836   0.0  
D:\Huy\datasets\ahuyboom\nor\img\1099.png   8.368233909684147   1.003637552830431   0.004347801208496094   1.0  
D:\Huy\datasets\ahuyboom\nor\img\1101.png   8.38010020939446   0.9167084212209082   0.0037190914154052734   0.0  
D:\Huy\datasets\ahuyboom\nor\img\1102.png   9.312641121519873   0.18882783904473757   0.0015862782796223958   0.0  
D:\Huy\datasets\ahuyboom\nor\img\1103.png   9.700788087084055   0.46087792969838787   0.0012666384379069011   0.0  
D:\Huy\datasets\ahuyboom\nor\img\1105.png   9.684442608501485   0.9059675328093065   0.00148773193359375   0.0  
D:\Huy\datasets\ahuyboom\nor\img\1106.png   8.437317651678342   0.6129225460860654   0.003432750701904297   0.4  
D:\Huy\datasets\ahuyboom\nor\img\1107.png   8.775744842397303   0.5972541118956257   0.0024619102478027344   0.0  
D:\Huy\datasets\ahuyboom\nor\img\1108.png   8.458426149061989   0.17284142364497432   0.0029675960540771484   0.5  
D:\Huy\datasets\ahuyboom\nor\img\1109.png   8.07806947019844   0.866794291875548   0.004901111125946045   0.75  
D:\Huy\datasets\ahuyboom\nor\img\1112.png   8.363675286616218   1.129760307171201   0.005882453918457031   0.8  
D:\Huy\datasets\ahuyboom\nor\img\1114.png   9.203283702274074   0.48489797821595143   0.002190232276916504   1.0  
D:\Huy\datasets\ahuyboom\nor\img\1115.png   9.241154136829177   0.20653619116310767   0.005584001541137695   2.0  
D:\Huy\datasets\ahuyboom\nor\img\1116.png   8.397435765193048   0.9337813089752166   0.003858184814453125   0.8  
D:\Huy\datasets\ahuyboom\nor\img\1117.png   9.270634979914576   2.039580046817335   0.006241162618001302   0.6666666666666666  
D:\Huy\datasets\ahuyboom\nor\img\1163.png   10.433184845989103   0.0   0.0007232666015625   0.0  
D:\Huy\datasets\ahuyboom\nor\img\1164.png   8.283292971274733   1.8187437356443303   0.005725436740451389   0.6666666666666666  
D:\Huy\datasets\ahuyboom\nor\img\1165.png   8.57337690379714   0.18440170110449206   0.004224395751953125   1.0  
D:\Huy\datasets\ahuyboom\nor\img\1166.png   10.656592177702185   0.0   0.0006195068359375   0.0  
D:\Huy\datasets\ahuyboom\nor\img\1167.png   9.938341370025936   0.9171203567528561   0.0012209574381510417   0.0  
D:\Huy\datasets\ahuyboom\nor\img\1168.png   10.438687715069836   0.37574333497054646   0.0012452443440755208   1.5  
D:\Huy\datasets\ahuyboom\nor\img\1169.png   9.225406083623476   0.8391341685712357   0.0019612630208333333   0.0  
D:\Huy\datasets\ahuyboom\nor\img\1170.png   10.516238785773151   0.9488457636203623   0.0010837554931640626   0.5  
D:\Huy\datasets\ahuyboom\nor\img\1171.png   10.75335246474821   0.006333205918080509   0.0005793253580729167   0.0  
D:\Huy\datasets\ahuyboom\nor\img\1172.png   10.851608160107329   0.0   0.0005411783854166667   0.0  
D:\Huy\datasets\ahuyboom\nor\img\1173.png   10.326267767081692   0.11434714246118569   0.0007813771565755208   0.0  
D:\Huy\datasets\ahuyboom\nor\img\1174.png   9.340226657217318   1.2905395331169638   0.0022023518880208335   0.0  
D:\Huy\datasets\ahuyboom\nor\img\1175.png   11.165467864093035   0.9872330770601985   0.0007200876871744791   0.5  
D:\Huy\datasets\ahuyboom\nor\img\1176.png   9.755496403913941   0.5102639456506063   0.0012318929036458333   0.0  
D:\Huy\datasets\ahuyboom\nor\img\1177.png   10.425091163942767   0.0   0.0007273356119791666   0.0  
D:\Huy\datasets\ahuyboom\nor\img\1178.png   10.431833442266303   1.107223443573172   0.0010528564453125   0.5  
D:\Huy\datasets\ahuyboom\nor\img\1179.png   9.506682209450677   1.2403529196041534   0.0021453857421875   0.0  
D:\Huy\datasets\ahuyboom\nor\img\1180.png   10.735089526735653   0.4575555512067435   0.000616455078125   0.0  
D:\Huy\datasets\ahuyboom\nor\img\1181.png   11.158697746019058   0.0   0.0004374186197916667   0.0  
D:\Huy\datasets\ahuyboom\nor\img\1182.png   11.288883499658475   0.03304459522888603   0.00047607421875000004   1.0  
D:\Huy\datasets\ahuyboom\nor\img\1183.png   9.752127994041373   1.1889783169050565   0.0015762329101562502   0.0  
D:\Huy\datasets\ahuyboom\nor\img\1184.png   8.78653917999585   1.1685834752573143   0.0028549194335937503   0.0  
D:\Huy\datasets\ahuyboom\nor\img\1185.png   11.414712232963163   0.44260681778905386   0.0005260891384548612   0.6666666666666666  
D:\Huy\datasets\ahuyboom\nor\img\1186.png   11.840841579332508   0.08876909277609357   0.00027313232421875   0.0  
D:\Huy\datasets\ahuyboom\nor\img\1187.png   8.609746782359624   1.7625538016588571   0.005015733506944444   0.0  
D:\Huy\datasets\ahuyboom\nor\img\1188.png   11.301603197889506   1.2670821861815396   0.0007954915364583332   0.6666666666666666  
D:\Huy\datasets\ahuyboom\nor\img\1189.png   10.446020612734701   0.22253259675902823   0.0025273640950520832   0.5  
D:\Huy\datasets\ahuyboom\nor\img\1190.png   11.692571474807753   0.0   0.0003021240234375   0.0  
D:\Huy\datasets\ahuyboom\nor\img\1191.png   10.590522540629301   1.116695710142853   0.0008527119954427084   0.0  
D:\Huy\datasets\ahuyboom\nor\img\1192.png   8.861342760371098   1.4245249369549244   0.003088633219401041   0.0  
D:\Huy\datasets\ahuyboom\nor\img\1193.png   11.036525876025115   0.0   0.00047607421875   0.0  
D:\Huy\datasets\ahuyboom\nor\img\1194.png   9.634208956637385   1.8548291240852355   0.002449798583984375   0.0  
D:\Huy\datasets\ahuyboom\nor\img\1195.png   10.199834328498456   1.6221270891689172   0.0016435411241319444   0.0  
D:\Huy\datasets\ahuyboom\nor\img\1196.png   10.27753397552891   0.0   0.0008056640625   0.0  
D:\Huy\datasets\ahuyboom\nor\img\1197.png   10.943999581450473   0.42622414105565065   0.0005325317382812501   0.0  
D:\Huy\datasets\ahuyboom\nor\img\1198.png   10.682731940714369   0.38997685392869313   0.0010069105360243056   0.6666666666666666  
D:\Huy\datasets\ahuyboom\nor\img\1199.png   9.501910405457345   1.4092848555293975   0.0022905137803819445   0.0  
D:\Huy\datasets\ahuyboom\nor\img\120.png   8.964339478879937   1.059350622052731   0.0032925574235505737   0.4  
D:\Huy\datasets\ahuyboom\nor\img\1200.png   10.2742059460047   0.4881362677110573   0.0008578830295138889   0.0  
D:\Huy\datasets\ahuyboom\nor\img\1201.png   11.457064622332695   0.501458741691148   0.00037740071614583335   0.0  
D:\Huy\datasets\ahuyboom\nor\img\1202.png   11.60768257722124   0.0   0.0003204345703125   0.0  
D:\Huy\datasets\ahuyboom\nor\img\1203.png   11.911240398701093   0.7288636562125248   0.00029347737630208335   0.0  
D:\Huy\datasets\ahuyboom\nor\img\1204.png   11.352904175792828   0.522159493812907   0.0004114786783854167   0.0  
D:\Huy\datasets\ahuyboom\nor\img\1205.png   11.307668074882338   0.04463366904854382   0.0003946940104166667   0.0  
D:\Huy\datasets\ahuyboom\nor\img\1207.png   11.61181638521304   0.8521307145467505   0.00037689208984375   0.0  
D:\Huy\datasets\ahuyboom\nor\img\1208.png   10.241132130631675   2.4061797963058775   0.0021104600694444443   0.0  
D:\Huy\datasets\ahuyboom\nor\img\1209.png   11.299026938011732   0.34342105737018525   0.000408172607421875   0.0  
D:\Huy\datasets\ahuyboom\nor\img\1210.png   9.919696753805049   0.7581218451493871   0.001877339680989583   0.6666666666666666  
D:\Huy\datasets\ahuyboom\nor\img\1211.png   9.628511014653597   1.108989390598537   0.001746495564778646   0.0  
D:\Huy\datasets\ahuyboom\nor\img\1212.png   9.755879078611352   0.17373159349724965   0.001165008544921875   0.0  
D:\Huy\datasets\ahuyboom\nor\img\1213.png   10.542994034746664   1.2021805007981492   0.0018308851453993056   0.6666666666666666  
D:\Huy\datasets\ahuyboom\nor\img\1214.png   10.765839399605163   0.10696576400105684   0.0005759345160590278   0.0  
D:\Huy\datasets\ahuyboom\nor\img\1215.png   11.448166901988651   0.8325993877797147   0.00042508443196614585   0.0  
D:\Huy\datasets\ahuyboom\nor\img\1216.png   11.492406284056106   0.5862629257229584   0.0003971099853515625   0.5  
D:\Huy\datasets\ahuyboom\nor\img\1217.png   11.234465253637023   0.0   0.0004150390625   0.0  
D:\Huy\datasets\ahuyboom\nor\img\1218.png   10.269360044083209   0.0   0.00081024169921875   0.0  
D:\Huy\datasets\ahuyboom\nor\img\1219.png   11.379413589548122   0.0   0.0003753662109375   0.0  
D:\Huy\datasets\ahuyboom\nor\img\1220.png   10.555003295905593   0.4824525948495412   0.0007029215494791667   0.0  
D:\Huy\datasets\ahuyboom\nor\img\1221.png   9.432957998395606   0.047667842510813685   0.0014475504557291668   0.0  
D:\Huy\datasets\ahuyboom\nor\img\1222.png   10.713720935644615   0.4533890501906441   0.0008570353190104167   1.0  
D:\Huy\datasets\ahuyboom\nor\img\1223.png   10.133039197324102   1.4109041903250634   0.0015675862630208333   0.6666666666666666  
D:\Huy\datasets\ahuyboom\nor\img\1224.png   8.260146050214932   1.6183242874834325   0.005452728271484375   0.0  
D:\Huy\datasets\ahuyboom\nor\img\1225.png   9.849179397687173   1.804663964987365   0.0018714057074652778   0.6666666666666666  
D:\Huy\datasets\ahuyboom\nor\img\1226.png   8.877603368640273   0.0   0.0021260579427083335   0.0  
D:\Huy\datasets\ahuyboom\nor\img\1227.png   8.033062020721543   0.0   0.0038177490234375   0.0  
D:\Huy\datasets\ahuyboom\nor\img\1228.png   8.846637017641486   0.5883529917194813   0.0023390028211805556   0.0  
D:\Huy\datasets\ahuyboom\nor\img\1231.png   11.864996645198666   1.699240180217578   0.00065460205078125   0.5  
D:\Huy\datasets\ahuyboom\nor\img\1232.png   11.329273946259438   0.32022880665642983   0.00039825439453125   0.0  
D:\Huy\datasets\ahuyboom\nor\img\1233.png   10.642089484007498   1.5800612624894679   0.002330186631944445   0.6666666666666666  
D:\Huy\datasets\ahuyboom\nor\img\1234.png   10.733213459305098   0.0   0.00058746337890625   0.0  
D:\Huy\datasets\ahuyboom\nor\img\1235.png   9.757179251019927   0.9898400078102023   0.0014383951822916667   0.0  
D:\Huy\datasets\ahuyboom\nor\img\1236.png   8.07887086591031   3.1520332575559102   0.01625048319498698   0.0  
D:\Huy\datasets\ahuyboom\nor\img\1237.png   11.024559352566564   0.9265583510591799   0.0006000094943576389   0.0  
D:\Huy\datasets\ahuyboom\nor\img\1238.png   10.206450877467427   0.0   0.0008463541666666667   0.0  
D:\Huy\datasets\ahuyboom\nor\img\1239.png   10.691946312166642   0.5553415998793064   0.0007488250732421875   0.5  
D:\Huy\datasets\ahuyboom\nor\img\1241.png   9.657777629933559   0.44175804361735427   0.0012964884440104167   0.0  
D:\Huy\datasets\ahuyboom\nor\img\1242.png   9.883595004577282   0.31563215414359236   0.0010852389865451389   0.0  
D:\Huy\datasets\ahuyboom\nor\img\1243.png   10.269701857917987   0.3795889880809033   0.000837368435329861   0.0  
D:\Huy\datasets\ahuyboom\nor\img\1245.png   10.274804182773337   0.0   0.00080718994140625   0.0  
D:\Huy\datasets\ahuyboom\nor\img\1246.png   9.985145039062457   0.31624725463002756   0.0010106404622395833   0.0  
D:\Huy\datasets\ahuyboom\nor\img\1247.png   9.56037765073875   0.34844656137157315   0.0013651529947916665   0.0  
D:\Huy\datasets\ahuyboom\nor\img\1248.png   9.747094343368532   1.3335088132592299   0.001926506890190972   0.6666666666666666  
D:\Huy\datasets\ahuyboom\nor\img\1249.png   9.610839709886829   0.09324595636853412   0.0012815687391493056   0.0  
D:\Huy\datasets\ahuyboom\nor\img\1250.png   9.857973868845223   0.1650905688812816   0.0010847303602430556   0.0  
D:\Huy\datasets\ahuyboom\nor\img\1251.png   10.462153467844598   2.7723117857924175   0.01435394287109375   1.0  
D:\Huy\datasets\ahuyboom\nor\img\1252.png   10.081004674220782   0.865126584969971   0.0024593353271484372   0.5  
D:\Huy\datasets\ahuyboom\nor\img\1253.png   10.950036824721984   0.1239637567217926   0.000507354736328125   0.0  
D:\Huy\datasets\ahuyboom\nor\img\1254.png   8.901378142820386   0.3047167118410096   0.0032226562500000003   0.6666666666666666  
D:\Huy\datasets\ahuyboom\nor\img\1255.png   8.01662631858741   0.0   0.0038614908854166666   0.0  
D:\Huy\datasets\ahuyboom\nor\img\1256.png   10.540568381362704   0.0   0.00067138671875   0.0  
D:\Huy\datasets\ahuyboom\nor\img\1257.png   10.951791206386517   0.7674276923177001   0.0005881415473090278   0.0  
D:\Huy\datasets\ahuyboom\nor\img\1258.png   11.640104054913618   0.0   0.00031331380208333336   0.0  
D:\Huy\datasets\ahuyboom\nor\img\1259.png   10.788614131218857   0.7418640666800557   0.0006503634982638889   0.0  
D:\Huy\datasets\ahuyboom\nor\img\1260.png   10.772805795204107   0.15823683239762687   0.0005750020345052084   0.0  
D:\Huy\datasets\ahuyboom\nor\img\1261.png   10.803602787196496   0.0   0.0005594889322916666   0.0  
D:\Huy\datasets\ahuyboom\nor\img\1262.png   11.09874181743939   0.3466693308829738   0.000469207763671875   0.0  
D:\Huy\datasets\ahuyboom\nor\img\1263.png   8.747205340118297   2.909386837583888   0.008896891276041666   0.0  
D:\Huy\datasets\ahuyboom\nor\img\1264.png   8.162225335299013   2.047657417203404   0.006290054321289063   0.0  
D:\Huy\datasets\ahuyboom\nor\img\1265.png   9.179026192846646   1.055677998237892   0.0022857666015624997   0.0  
D:\Huy\datasets\ahuyboom\nor\img\1266.png   12.702526705353112   0.02445480024047253   0.00015004475911458332   0.0  
D:\Huy\datasets\ahuyboom\nor\img\1267.png   12.024299354162846   0.012226521862269912   0.00024007161458333335   0.0  
D:\Huy\datasets\ahuyboom\nor\img\1268.png   10.842147830858263   0.0   0.00054473876953125   0.0  
D:\Huy\datasets\ahuyboom\nor\img\1269.png   13.267665866498277   0.11566277305322803   0.00010172526041666667   0.0  
D:\Huy\datasets\ahuyboom\nor\img\1270.png   11.628587710556564   0.5521149523016416   0.0003407796223958333   0.0  
D:\Huy\datasets\ahuyboom\nor\img\1271.png   9.593650293494617   1.2657142563495025   0.0018112182617187498   0.0  
D:\Huy\datasets\ahuyboom\nor\img\1272.png   9.769022486322594   2.3051606100843665   0.0047607421875   0.5  
D:\Huy\datasets\ahuyboom\nor\img\1273.png   8.364175674534529   2.172134713308847   0.007886250813802084   0.0  
D:\Huy\datasets\ahuyboom\nor\img\1275.png   9.965633249545927   0.7613482560476568   0.0011426289876302082   0.0  
D:\Huy\datasets\ahuyboom\nor\img\1276.png   9.911847180921256   1.3151693492446348   0.0015558878580729167   0.0  
D:\Huy\datasets\ahuyboom\nor\img\1278.png   9.89479789704958   1.007766102420936   0.0013584136962890624   0.0  
D:\Huy\datasets\ahuyboom\nor\img\1279.png   9.24599983716611   1.078042780777687   0.0022164238823784723   0.0  
D:\Huy\datasets\ahuyboom\nor\img\1280.png   10.906905296766903   0.4056444901298717   0.0005403306749131946   0.0  
D:\Huy\datasets\ahuyboom\nor\img\1282.png   10.366986200207021   1.9043715756156658   0.00131072998046875   0.0  
D:\Huy\datasets\ahuyboom\nor\img\1283.png   11.182376742488568   0.0   0.0004302978515625   0.0  
D:\Huy\datasets\ahuyboom\nor\img\1284.png   8.069175880042073   1.199953651953936   0.004807154337565104   0.0  
D:\Huy\datasets\ahuyboom\nor\img\1285.png   9.577949674860454   0.17650370917529784   0.0013186136881510415   0.0  
D:\Huy\datasets\ahuyboom\nor\img\1286.png   11.830074998557688   0.0   0.000274658203125   0.0  
D:\Huy\datasets\ahuyboom\nor\img\1287.png   8.826140876891017   0.6965055964744229   0.002465057373046875   0.0  
D:\Huy\datasets\ahuyboom\nor\img\1288.png   10.33812857738656   0.042262779085392665   0.000772857666015625   0.0  
D:\Huy\datasets\ahuyboom\nor\img\1289.png   10.752072486556415   0.0   0.000579833984375   0.0  
D:\Huy\datasets\ahuyboom\nor\img\1290.png   10.548963210344628   1.1656345707931228   0.0008974711100260417   0.0  
D:\Huy\datasets\ahuyboom\nor\img\1291.png   10.441391962236057   0.7270526556438446   0.000818634033203125   0.0  
D:\Huy\datasets\ahuyboom\nor\img\1292.png   10.991150373653483   0.2863836018754258   0.0005009969075520833   0.0  
D:\Huy\datasets\ahuyboom\nor\img\1293.png   11.387058887920393   0.20468214543182484   0.0005266825358072917   1.0  
D:\Huy\datasets\ahuyboom\nor\img\1294.png   11.544946821873276   0.0   0.00033467610677083334   0.0  
D:\Huy\datasets\ahuyboom\nor\img\1295.png   10.720215855038628   0.25003680156732155   0.0006017049153645834   0.0  
D:\Huy\datasets\ahuyboom\nor\img\1296.png   10.768618795436298   0.0   0.0005732218424479167   0.0  
D:\Huy\datasets\ahuyboom\nor\img\1297.png   11.707218250772154   0.0   0.000299072265625   0.0  
D:\Huy\datasets\ahuyboom\nor\img\1298.png   11.75127698393888   0.28183731523138245   0.0004148695203993055   0.6666666666666666  
D:\Huy\datasets\ahuyboom\nor\img\1299.png   10.958523364023842   0.0   0.0005025227864583333   0.0  
D:\Huy\datasets\ahuyboom\nor\img\1300.png   9.859898158425814   3.917709420237743   0.0303131103515625   1.0  
D:\Huy\datasets\ahuyboom\nor\img\1301.png   10.149305285079931   0.45621313719600276   0.0009935167100694445   0.6666666666666666  
D:\Huy\datasets\ahuyboom\nor\img\1302.png   11.542095515083028   1.9299583738719197   0.0008275349934895832   0.0  
D:\Huy\datasets\ahuyboom\nor\img\1303.png   10.097378333142554   2.1903557886486476   0.0033466339111328123   0.0  
D:\Huy\datasets\ahuyboom\nor\img\1304.png   10.884522782580063   0.0   0.0005289713541666666   0.0  
D:\Huy\datasets\ahuyboom\nor\img\1305.png   11.54402522705256   0.7767838787116734   0.0003816392686631944   0.0  
D:\Huy\datasets\ahuyboom\nor\img\1306.png   10.348436378552154   0.6754802841043999   0.0008822970920138889   0.6666666666666666  
D:\Huy\datasets\ahuyboom\nor\img\1307.png   10.093194905031224   1.4031534852569973   0.0012929280598958333   0.0  
D:\Huy\datasets\ahuyboom\nor\img\1308.png   8.576513103223485   2.453878379393965   0.011487960815429688   0.0  
D:\Huy\datasets\ahuyboom\nor\img\1309.png   9.167187115242456   0.3295474789409938   0.0017837524414062499   0.0  
D:\Huy\datasets\ahuyboom\nor\img\1310.png   9.492639893667713   1.0823414739062152   0.0018829345703125003   0.6666666666666666  
D:\Huy\datasets\ahuyboom\nor\img\1311.png   9.636937052848808   0.01197648419573305   0.0012560526529947916   0.0  
D:\Huy\datasets\ahuyboom\nor\img\1312.png   9.037002350493655   1.3880888134491132   0.0028549194335937503   0.0  
D:\Huy\datasets\ahuyboom\nor\img\1313.png   8.539648822186932   1.5373584041058863   0.005609639485677084   0.6666666666666666  
D:\Huy\datasets\ahuyboom\nor\img\1314.png   10.464020898973823   0.43376866408524967   0.0007425944010416666   0.0  
D:\Huy\datasets\ahuyboom\nor\img\1315.png   10.459331517921646   0.6629242321293525   0.000786590576171875   0.0  
D:\Huy\datasets\ahuyboom\nor\img\1316.png   10.099497323458708   0.8918526552653259   0.0010912577311197919   0.0  
D:\Huy\datasets\ahuyboom\nor\img\1317.png   9.4553523181781   1.0795804415324683   0.0027665879991319443   0.6666666666666666  
D:\Huy\datasets\ahuyboom\nor\img\1318.png   9.36879996931959   1.032680492485745   0.0020540873209635418   0.0  
D:\Huy\datasets\ahuyboom\nor\img\1319.png   11.018913484445147   0.0038065920549374965   0.00048192342122395837   0.0  
D:\Huy\datasets\ahuyboom\nor\img\1321.png   9.772862873386293   0.7842793077448786   0.0013256496853298611   0.0  
D:\Huy\datasets\ahuyboom\nor\img\1322.png   8.939423208238152   1.3825048866492096   0.0030459086100260418   0.0  
D:\Huy\datasets\ahuyboom\nor\img\1323.png   10.884522782580063   0.0   0.0005289713541666666   0.0  
D:\Huy\datasets\ahuyboom\nor\img\1324.png   9.967039522026232   0.16671186686259531   0.0010058085123697917   0.0  
D:\Huy\datasets\ahuyboom\nor\img\1325.png   9.173627630532595   0.9589384385333581   0.0021981133355034725   0.0  
D:\Huy\datasets\ahuyboom\nor\img\1326.png   10.390348083485575   0.9855253377465768   0.0010847727457682292   0.5  
D:\Huy\datasets\ahuyboom\nor\img\1328.png   9.769075487899533   0.20689437506519673   0.0011770884195963544   0.5  
D:\Huy\datasets\ahuyboom\nor\img\1329.png   9.949788554046233   0.0   0.0010111490885416667   0.0  
D:\Huy\datasets\ahuyboom\nor\img\1330.png   9.815172702526997   0.033049642740951235   0.0011103312174479167   0.0  
D:\Huy\datasets\ahuyboom\nor\img\1331.png   9.816780604523423   0.30220743169366493   0.0011332194010416667   0.0  
D:\Huy\datasets\ahuyboom\nor\img\1332.png   8.32646147936592   0.02296541464477464   0.0031155904134114584   0.0  
D:\Huy\datasets\ahuyboom\nor\img\1333.png   10.17044801826317   0.3376988854071561   0.0008916219075520833   0.0  
D:\Huy\datasets\ahuyboom\nor\img\1335.png   9.232815858624557   0.8108567871091382   0.001965671115451389   0.0  
D:\Huy\datasets\ahuyboom\nor\img\1336.png   9.813714819044502   0.4269517737608366   0.0011601765950520833   0.0  
D:\Huy\datasets\ahuyboom\nor\img\1337.png   9.938007011264359   0.6732109741682173   0.0011427137586805557   0.0  
D:\Huy\datasets\ahuyboom\nor\img\1338.png   9.745791518096343   0.9384796550397112   0.0015062120225694444   0.6666666666666666  
D:\Huy\datasets\ahuyboom\nor\img\1339.png   9.909271915343059   0.2704638249321091   0.0010594685872395834   0.0  
D:\Huy\datasets\ahuyboom\nor\img\1340.png   10.369405432260564   1.226768949309945   0.0009986029730902778   0.0  
D:\Huy\datasets\ahuyboom\nor\img\1341.png   11.316780604523423   0.11032972705599597   0.00039316813151041665   0.0  
D:\Huy\datasets\ahuyboom\nor\img\1342.png   10.1735815404349   0.620614078766698   0.00094451904296875   0.0  
D:\Huy\datasets\ahuyboom\nor\img\1343.png   8.813473031220559   0.0   0.0022226969401041665   0.0  
D:\Huy\datasets\ahuyboom\nor\img\1344.png   9.640070769922513   0.2832305756648592   0.001277923583984375   0.0  
D:\Huy\datasets\ahuyboom\nor\img\1345.png   10.722449822511473   0.09168363217719211   0.0005930582682291667   0.0  
D:\Huy\datasets\ahuyboom\nor\img\1346.png   11.012072832300575   0.0   0.00048421223958333335   0.0  
D:\Huy\datasets\ahuyboom\nor\img\1347.png   12.30538280410068   0.7421272715692468   0.00022159152560763886   0.0  
D:\Huy\datasets\ahuyboom\nor\img\1348.png   11.008236150915188   0.44277911193138497   0.0009276072184244792   0.5  
D:\Huy\datasets\ahuyboom\nor\img\1349.png   11.934698232968232   0.1308706742902003   0.0003378974066840278   0.6666666666666666  
D:\Huy\datasets\ahuyboom\nor\img\1350.png   12.04987854313184   0.052881031293362746   0.00025482177734375   1.0  
D:\Huy\datasets\ahuyboom\nor\img\1351.png   13.33543820185422   3.4015273923119915   0.001239013671875   1.0  
D:\Huy\datasets\ahuyboom\nor\img\1352.png   9.131517202916896   1.1315172029168972   0.0023600260416666665   0.0  
D:\Huy\datasets\ahuyboom\nor\img\1354.png   9.562443240602052   0.42962195967381145   0.0013827853732638889   0.0  
D:\Huy\datasets\ahuyboom\nor\img\1355.png   10.640104054913618   0.0   0.0006266276041666667   0.0  
D:\Huy\datasets\ahuyboom\nor\img\1356.png   9.526132022513533   0.30661711034248107   0.00138702392578125   0.0  
D:\Huy\datasets\ahuyboom\nor\img\1357.png   9.61916361337358   1.3694672935130532   0.002257537841796875   0.5  
D:\Huy\datasets\ahuyboom\nor\img\1359.png   9.504153281994695   0.9563039730987186   0.0025210062662760417   0.5  
D:\Huy\datasets\ahuyboom\nor\img\1360.png   8.821467406243354   0.7649815617991171   0.0029131571451822915   0.5  
D:\Huy\datasets\ahuyboom\nor\img\1361.png   10.110164750417283   1.3896614232609708   0.00159912109375   0.5  
D:\Huy\datasets\ahuyboom\nor\img\1362.png   9.820852515084368   0.4340894698007025   0.0029744466145833334   1.0  
D:\Huy\datasets\ahuyboom\nor\img\1363.png   10.17817761839888   0.5224200838168279   0.002825164794921875   1.5  
D:\Huy\datasets\ahuyboom\nor\img\1364.png   9.84539180589953   1.4276983270128318   0.0019574483235677083   0.0  
D:\Huy\datasets\ahuyboom\nor\img\1365.png   10.281607321718864   0.7910090316077996   0.0009175618489583333   0.0  
D:\Huy\datasets\ahuyboom\nor\img\1367.png   10.212850472770233   0.2293970408780864   0.0008533053927951389   0.0  
D:\Huy\datasets\ahuyboom\nor\img\1369.png   10.22779670479686   0.5057526599640089   0.0008875528971354166   0.0  
D:\Huy\datasets\ahuyboom\nor\img\137.png   8.18117677113393   2.7034718333674657   0.02499953670758465   0.8571428571428571  
D:\Huy\datasets\ahuyboom\nor\img\1370.png   9.397485630487644   0.5617862139441083   0.0021127065022786455   1.0  
D:\Huy\datasets\ahuyboom\nor\img\1373.png   8.581721588076983   0.6746635542962123   0.0029581705729166668   0.0  
D:\Huy\datasets\ahuyboom\nor\img\1374.png   9.466820516817506   0.3767280379620959   0.001978302001953125   0.5  
D:\Huy\datasets\ahuyboom\nor\img\1375.png   8.764100239037527   0.43001191991799337   0.002397918701171875   0.0  
D:\Huy\datasets\ahuyboom\nor\img\1378.png   8.308906556957977   0.4193328151294277   0.0032890319824218747   0.0  
D:\Huy\datasets\ahuyboom\nor\img\1379.png   8.649974179735437   0.6057461168687603   0.004840257432725694   1.3333333333333333  
D:\Huy\datasets\ahuyboom\nor\img\1380.png   8.669501959000332   0.8295497678114899   0.002969233194986979   0.0  
D:\Huy\datasets\ahuyboom\nor\img\1383.png   9.397728193097914   0.8939001688756337   0.0018220689561631944   0.0  
D:\Huy\datasets\ahuyboom\nor\img\1384.png   11.239121270394868   0.05674452790629925   0.0004140218098958333   0.0  
D:\Huy\datasets\ahuyboom\nor\img\1385.png   11.553671473929219   0.19895709829096037   0.0003358629014756944   0.0  
D:\Huy\datasets\ahuyboom\nor\img\1386.png   8.949411877206744   1.4769901049167817   0.0033747355143229174   0.0  
D:\Huy\datasets\ahuyboom\nor\img\1387.png   10.697445463083534   0.13262953547415357   0.0006047566731770833   0.0  
D:\Huy\datasets\ahuyboom\nor\img\1388.png   10.412266971558012   0.6625550109593027   0.000806850857204861   0.0  
D:\Huy\datasets\ahuyboom\nor\img\1389.png   10.34375345669927   0.6417601145121514   0.0008611043294270834   0.0  
D:\Huy\datasets\ahuyboom\nor\img\1390.png   11.136942021141774   0.1278968815387671   0.0004458109537760417   0.0  
D:\Huy\datasets\ahuyboom\nor\img\1391.png   10.467973033186453   0.2658575793600607   0.0007865058051215278   0.6666666666666666  
D:\Huy\datasets\ahuyboom\nor\img\1393.png   9.912898466128617   0.6672101494184645   0.0016090393066406248   0.5  
D:\Huy\datasets\ahuyboom\nor\img\1394.png   9.439076957297829   1.0971018959246197   0.0020360310872395834   0.0  
D:\Huy\datasets\ahuyboom\nor\img\1395.png   11.537000290721888   0.12196279144304434   0.0003377278645833333   0.0  
D:\Huy\datasets\ahuyboom\nor\img\1396.png   9.230006850292222   0.7763135174318243   0.002217737833658854   1.0  
D:\Huy\datasets\ahuyboom\nor\img\1397.png   10.096125031453505   1.100983285055965   0.001253509521484375   0.0  
D:\Huy\datasets\ahuyboom\nor\img\1398.png   9.305035801833201   0.6518860698950415   0.0019177754720052084   0.5  
D:\Huy\datasets\ahuyboom\nor\img\1399.png   9.64118730899813   0.6846834224708442   0.0036276499430338543   1.5  
D:\Huy\datasets\ahuyboom\nor\img\1400.png   10.24653658321374   2.450153556877701   0.004112752278645834   0.0  
D:\Huy\datasets\ahuyboom\nor\img\1401.png   12.19839289736131   0.2572865864148799   0.0003687540690104167   1.0  
D:\Huy\datasets\ahuyboom\nor\img\1402.png   10.103605891845948   1.0982627403722351   0.0013022104899088542   0.5  
D:\Huy\datasets\ahuyboom\nor\img\1403.png   10.237602916350266   0.6276285276210372   0.0013971964518229166   1.0  
D:\Huy\datasets\ahuyboom\nor\img\1404.png   9.222590388579858   0.12304059094069267   0.00188140869140625   0.6666666666666666  
D:\Huy\datasets\ahuyboom\nor\img\1405.png   9.26665373036223   0.21502096194690612   0.0017382303873697917   1.0  
D:\Huy\datasets\ahuyboom\nor\img\1408.png   8.329052979028289   0.05697343359148732   0.005457305908203125   1.0  
D:\Huy\datasets\ahuyboom\nor\img\1411.png   8.44141069364186   0.6121703465629844   0.003139495849609375   0.0  
D:\Huy\datasets\ahuyboom\nor\img\1412.png   9.444899645022947   0.0   0.0014348347981770833   0.0  
D:\Huy\datasets\ahuyboom\nor\img\1413.png   9.315712217469105   0.25962494547133025   0.0019336700439453124   0.5  
D:\Huy\datasets\ahuyboom\nor\img\1414.png   8.070285991606472   0.7567865187896912   0.004244232177734375   0.0  
D:\Huy\datasets\ahuyboom\nor\img\1415.png   9.577437766000088   0.3489651973652805   0.0020299275716145833   0.5  
D:\Huy\datasets\ahuyboom\nor\img\1416.png   8.906039505426003   0.3805786312964812   0.005773756239149306   2.0  
D:\Huy\datasets\ahuyboom\nor\img\1417.png   9.285601033899638   0.727029797158903   0.0023273468017578126   1.0  
D:\Huy\datasets\ahuyboom\nor\img\1418.png   8.77339505584014   0.8080779579169289   0.0027077992757161455   0.0  
D:\Huy\datasets\ahuyboom\nor\img\1419.png   8.763507381618698   0.0   0.002301025390625   0.0  
D:\Huy\datasets\ahuyboom\nor\img\1420.png   8.582927448428874   1.1298219083165102   0.003449249267578125   0.0  
D:\Huy\datasets\ahuyboom\nor\img\1421.png   10.107608974086597   0.0   0.0009063720703125   0.0  
D:\Huy\datasets\ahuyboom\nor\img\1422.png   8.273418280111851   1.5972987029431804   0.018698628743489584   1.0  
D:\Huy\datasets\ahuyboom\nor\img\1423.png   8.541952975187161   0.9710109447809399   0.0033139546712239584   0.0  
D:\Huy\datasets\ahuyboom\nor\img\1425.png   8.095086801026905   0.22402627825340327   0.005614725748697917   1.0  
D:\Huy\datasets\ahuyboom\nor\img\1426.png   8.069187546175183   0.5129599389389208   0.0072469075520833325   1.0  
D:\Huy\datasets\ahuyboom\nor\img\1428.png   8.02066254905889   0.6453965136084759   0.004205661349826389   0.0  
D:\Huy\datasets\ahuyboom\nor\img\1430.png   9.49464041097648   0.19278515974187874   0.0014681498209635417   0.5  
D:\Huy\datasets\ahuyboom\nor\img\1431.png   8.834839167727058   0.34202038784594646   0.0031200408935546874   1.0  
D:\Huy\datasets\ahuyboom\nor\img\1433.png   8.54856321992238   1.4470699530340003   0.004725011189778646   1.0  
D:\Huy\datasets\ahuyboom\nor\img\1434.png   8.916843126055033   0.18269254749588093   0.0024274190266927085   1.0  
D:\Huy\datasets\ahuyboom\nor\img\1436.png   8.410934849952254   0.7417995080573397   0.004656219482421875   0.5  
D:\Huy\datasets\ahuyboom\nor\img\1437.png   8.103784533768454   0.8190905819055234   0.004240544637044271   0.0  
D:\Huy\datasets\ahuyboom\nor\img\1438.png   11.25519718834874   0.7494791226626537   0.0012915717230902778   2.0  
D:\Huy\datasets\ahuyboom\nor\img\1439.png   10.727891387721664   0.13782559582797202   0.0006134033203124999   0.6666666666666666  
D:\Huy\datasets\ahuyboom\nor\img\1440.png   9.064349322285564   2.0881610443653655   0.006744003295898438   1.0  
D:\Huy\datasets\ahuyboom\nor\img\1441.png   8.438884453404825   0.04997252734232344   0.003824022081163194   0.6666666666666666  
D:\Huy\datasets\ahuyboom\nor\img\1442.png   9.988769308303493   1.7984093358417912   0.0023539225260416664   1.0  
D:\Huy\datasets\ahuyboom\nor\img\1443.png   9.166678464739134   0.5131159695314255   0.0018391927083333333   0.0  
D:\Huy\datasets\ahuyboom\nor\img\1444.png   8.970018127891716   0.5037519959571573   0.0021031697591145835   0.0  
D:\Huy\datasets\ahuyboom\nor\img\1445.png   8.365280161010448   1.3158128212468587   0.004812876383463542   0.0  
D:\Huy\datasets\ahuyboom\nor\img\1446.png   9.942972088742529   0.5369551418835331   0.0011535644531250001   0.5  
D:\Huy\datasets\ahuyboom\nor\img\1448.png   8.75968567066629   0.0   0.00230712890625   0.0  
D:\Huy\datasets\ahuyboom\nor\img\1451.png   8.934425886100312   0.31529981147728076   0.0020952012803819443   0.0  
D:\Huy\datasets\ahuyboom\nor\img\1509.png   9.98629400317834   0.07706805781908965   0.0019218921661376953   1.0  
D:\Huy\datasets\ahuyboom\nor\img\177.png   8.90987045057863   0.585897125798898   0.002261265082956259   0.15384615384615385  
D:\Huy\datasets\ahuyboom\nor\img\191.png   8.178705381273854   0.38163451173773233   0.0035685221354166668   0.0  
D:\Huy\datasets\ahuyboom\nor\img\192.png   8.869735859415083   1.8159973319435214   0.006192810457516339   0.0  
D:\Huy\datasets\ahuyboom\nor\img\204.png   8.100256896566199   1.1257917268008752   0.005307904411764705   0.6666666666666666  
D:\Huy\datasets\ahuyboom\nor\img\1001.png   8.596573015886182   0.7709245818354743   0.003462076187133789   0.5  
D:\Huy\datasets\ahuyboom\nor\img\1003.png   8.466857459460519   0.716892154250149   0.0032373155866350445   0.0  
D:\Huy\datasets\ahuyboom\nor\img\1004.png   10.131482473969053   0.3890862612152895   0.001260519027709961   0.5  
D:\Huy\datasets\ahuyboom\nor\img\1006.png   9.457898157721889   0.2716604020631629   0.001447296142578125   0.0  
D:\Huy\datasets\ahuyboom\nor\img\1009.png   8.105205310023516   0.9570791008475413   0.004244518280029297   0.0  
D:\Huy\datasets\ahuyboom\nor\img\1013.png   8.794004446207833   1.6535241181193965   0.004439989725748698   0.0  
D:\Huy\datasets\ahuyboom\nor\img\1014.png   8.170897897952504   0.8225471604860636   0.004448127746582031   0.4  
D:\Huy\datasets\ahuyboom\nor\img\1016.png   8.7495652491427   0.29221215450446864   0.0023718833923339843   0.0  
D:\Huy\datasets\ahuyboom\nor\img\1018.png   8.115594884607946   0.24279788322695248   0.0036586125691731772   0.0  
D:\Huy\datasets\ahuyboom\nor\img\1021.png   8.314744756415676   0.8062096227685263   0.003644704818725586   0.0  
D:\Huy\datasets\ahuyboom\nor\img\1022.png   8.692682274779303   1.279943510472684   0.004506111145019531   0.5714285714285714  
D:\Huy\datasets\ahuyboom\nor\img\1024.png   9.138589079950165   1.4586707923222442   0.003458404541015625   0.8  
D:\Huy\datasets\ahuyboom\nor\img\1025.png   10.325739572873347   4.038269507624086   0.0038048956129286024   1.5555555555555556  
D:\Huy\datasets\ahuyboom\nor\img\1026.png   8.078122859186376   1.2318698274503352   0.0066109299659729   0.5  
D:\Huy\datasets\ahuyboom\nor\img\1028.png   8.619006515182353   0.7930760545465282   0.003328680992126465   0.75  
D:\Huy\datasets\ahuyboom\nor\img\1029.png   9.587968886425667   0.24059812004145026   0.002009749412536621   1.0  
D:\Huy\datasets\ahuyboom\nor\img\1031.png   8.378947904333288   2.3367085692502396   0.013243675231933594   0.0  
D:\Huy\datasets\ahuyboom\nor\img\1032.png   8.210194807853076   0.6526892572004495   0.0037676493326822915   0.0  
D:\Huy\datasets\ahuyboom\nor\img\1033.png   8.4303674289708   0.8192529760998964   0.0034628868103027343   0.8  
D:\Huy\datasets\ahuyboom\nor\img\1035.png   8.637681747295535   1.026504956955095   0.00344085693359375   0.4  
D:\Huy\datasets\ahuyboom\nor\img\1036.png   8.50293523308236   1.9075857120306423   0.006755987803141276   0.6666666666666666  
D:\Huy\datasets\ahuyboom\nor\img\1039.png   8.396616418691472   1.456451597288291   0.004981888665093316   0.8888888888888888  
D:\Huy\datasets\ahuyboom\nor\img\1040.png   8.103083851364786   1.0241001247401134   0.00724334716796875   0.4  
D:\Huy\datasets\ahuyboom\nor\img\1041.png   8.986618868952736   0.14232418689262843   0.0022426843643188477   1.0  
D:\Huy\datasets\ahuyboom\nor\img\1042.png   8.119541867099848   1.854726734341583   0.010815715789794922   0.6  
D:\Huy\datasets\ahuyboom\nor\img\1043.png   9.205281377542216   0.651753773332273   0.0019639560154506137   0.5714285714285714  
D:\Huy\datasets\ahuyboom\nor\img\1044.png   8.428923485552295   0.6427448927517809   0.003177165985107422   0.0  
D:\Huy\datasets\ahuyboom\nor\img\1046.png   8.274485674506762   0.8073532153267111   0.0038487116495768228   0.6666666666666666  
D:\Huy\datasets\ahuyboom\nor\img\1050.png   8.423851998918854   0.5046153805151417   0.0035825835333930123   0.4444444444444444  
D:\Huy\datasets\ahuyboom\nor\img\1053.png   9.0785638555471   0.08774321867762491   0.0022649765014648438   0.6666666666666666  
D:\Huy\datasets\ahuyboom\nor\img\1055.png   8.260248662886104   1.1127107987362204   0.004284381866455078   0.0  
D:\Huy\datasets\ahuyboom\nor\img\1056.png   8.713344166359574   0.7285552590449804   0.0027333895365397134   0.0  
D:\Huy\datasets\ahuyboom\nor\img\1057.png   10.070788471100876   2.2495513065007846   0.0028543472290039062   0.8  
D:\Huy\datasets\ahuyboom\nor\img\1058.png   8.672547614972425   0.5772005217601279   0.0026690165201822915   0.0  
D:\Huy\datasets\ahuyboom\nor\img\1059.png   9.017140047398858   0.36412743030280315   0.0036279133387974332   1.1428571428571428  
D:\Huy\datasets\ahuyboom\nor\img\106.png   8.760716388699818   0.8368156436537244   0.0028547627423389623   0.3076923076923077  
D:\Huy\datasets\ahuyboom\nor\img\1062.png   8.359318160019132   1.9891829866635682   0.006416511535644531   0.4  
D:\Huy\datasets\ahuyboom\nor\img\1063.png   8.021818812386194   0.5995566111927897   0.004356956481933594   0.4  
D:\Huy\datasets\ahuyboom\nor\img\1068.png   8.12325301130846   1.3689081941950019   0.009530258178710938   0.8  
D:\Huy\datasets\ahuyboom\nor\img\1069.png   8.42191363033227   1.276745663611692   0.004858732223510742   0.5  
D:\Huy\datasets\ahuyboom\nor\img\107.png   8.397258051732756   0.9068522553268661   0.0039233464600271   0.16666666666666666  
D:\Huy\datasets\ahuyboom\nor\img\1070.png   8.419612590759908   3.5932774131645693   0.013266384601593018   0.25  
D:\Huy\datasets\ahuyboom\nor\img\1071.png   9.220182108351741   0.3831513751970305   0.0017342567443847656   0.0  
D:\Huy\datasets\ahuyboom\nor\img\1073.png   9.398400610651853   1.8063138084280457   0.003695147378104074   0.2857142857142857  
D:\Huy\datasets\ahuyboom\nor\img\1075.png   9.287417576200106   0.8932295495198224   0.0023615360260009766   0.75  
D:\Huy\datasets\ahuyboom\nor\img\1076.png   9.677322497932396   0.7587166766276514   0.0017734766006469727   1.0  
D:\Huy\datasets\ahuyboom\nor\img\1078.png   9.21246836715886   0.635963026306636   0.001874542236328125   0.0  
D:\Huy\datasets\ahuyboom\nor\img\1081.png   8.563081494816037   0.7146008841417626   0.003019945962088449   0.0  
D:\Huy\datasets\ahuyboom\nor\img\1082.png   8.915453120669186   1.5893524358545421   0.003910064697265625   0.0  
D:\Huy\datasets\ahuyboom\nor\img\1083.png   8.886094806053714   0.4193488104536816   0.0022083918253580728   0.0  
D:\Huy\datasets\ahuyboom\nor\img\1084.png   9.06529929213023   1.76539250859386   0.004988574981689453   0.4  
D:\Huy\datasets\ahuyboom\nor\img\1085.png   8.22810650946175   0.13368335965024422   0.0036089420318603516   0.5  
D:\Huy\datasets\ahuyboom\nor\img\1087.png   8.457358221521881   0.8664488669194399   0.004753907521565755   0.3333333333333333  
D:\Huy\datasets\ahuyboom\nor\img\1088.png   8.729865227783442   1.9581200310353544   0.004525237613254123   0.2222222222222222  
D:\Huy\datasets\ahuyboom\nor\img\1089.png   8.254563917049884   1.8176721074321047   0.006301005681355794   0.0  
D:\Huy\datasets\ahuyboom\nor\img\1092.png   8.353255671349375   0.5680258575667734   0.003291893005371094   0.0  
D:\Huy\datasets\ahuyboom\nor\img\1094.png   9.120022086404111   2.0182623835145708   0.005309740702311198   0.6666666666666666  
D:\Huy\datasets\ahuyboom\nor\img\1095.png   8.358083115867345   1.290833296197222   0.005366855197482639   0.6666666666666666  
D:\Huy\datasets\ahuyboom\nor\img\1096.png   8.59262463542899   0.34772130072727353   0.0026693344116210938   0.0  
D:\Huy\datasets\ahuyboom\nor\img\1097.png   9.89273430891363   0.15291454899819198   0.0010579824447631836   0.0  
D:\Huy\datasets\ahuyboom\nor\img\1099.png   8.368233909684147   1.003637552830431   0.004347801208496094   1.0  
D:\Huy\datasets\ahuyboom\nor\img\1101.png   8.38010020939446   0.9167084212209082   0.0037190914154052734   0.0  
D:\Huy\datasets\ahuyboom\nor\img\1102.png   9.312641121519873   0.18882783904473757   0.0015862782796223958   0.0  
D:\Huy\datasets\ahuyboom\nor\img\1103.png   9.700788087084055   0.46087792969838787   0.0012666384379069011   0.0  
D:\Huy\datasets\ahuyboom\nor\img\1105.png   9.684442608501485   0.9059675328093065   0.00148773193359375   0.0  
D:\Huy\datasets\ahuyboom\nor\img\1106.png   8.437317651678342   0.6129225460860654   0.003432750701904297   0.4  
D:\Huy\datasets\ahuyboom\nor\img\1107.png   8.775744842397303   0.5972541118956257   0.0024619102478027344   0.0  
D:\Huy\datasets\ahuyboom\nor\img\1108.png   8.458426149061989   0.17284142364497432   0.0029675960540771484   0.5  
D:\Huy\datasets\ahuyboom\nor\img\1109.png   8.07806947019844   0.866794291875548   0.004901111125946045   0.75  
D:\Huy\datasets\ahuyboom\nor\img\1112.png   8.363675286616218   1.129760307171201   0.005882453918457031   0.8  
D:\Huy\datasets\ahuyboom\nor\img\1114.png   9.203283702274074   0.48489797821595143   0.002190232276916504   1.0  
D:\Huy\datasets\ahuyboom\nor\img\1115.png   9.241154136829177   0.20653619116310767   0.005584001541137695   2.0  
D:\Huy\datasets\ahuyboom\nor\img\1116.png   8.397435765193048   0.9337813089752166   0.003858184814453125   0.8  
D:\Huy\datasets\ahuyboom\nor\img\1117.png   9.270634979914576   2.039580046817335   0.006241162618001302   0.6666666666666666  
D:\Huy\datasets\ahuyboom\nor\img\1163.png   10.433184845989103   0.0   0.0007232666015625   0.0  
D:\Huy\datasets\ahuyboom\nor\img\1164.png   8.283292971274733   1.8187437356443303   0.005725436740451389   0.6666666666666666  
D:\Huy\datasets\ahuyboom\nor\img\1165.png   8.57337690379714   0.18440170110449206   0.004224395751953125   1.0  
D:\Huy\datasets\ahuyboom\nor\img\1166.png   10.656592177702185   0.0   0.0006195068359375   0.0  
D:\Huy\datasets\ahuyboom\nor\img\1167.png   9.938341370025936   0.9171203567528561   0.0012209574381510417   0.0  
D:\Huy\datasets\ahuyboom\nor\img\1168.png   10.438687715069836   0.37574333497054646   0.0012452443440755208   1.5  
D:\Huy\datasets\ahuyboom\nor\img\1169.png   9.225406083623476   0.8391341685712357   0.0019612630208333333   0.0  
D:\Huy\datasets\ahuyboom\nor\img\1170.png   10.516238785773151   0.9488457636203623   0.0010837554931640626   0.5  
D:\Huy\datasets\ahuyboom\nor\img\1171.png   10.75335246474821   0.006333205918080509   0.0005793253580729167   0.0  
D:\Huy\datasets\ahuyboom\nor\img\1172.png   10.851608160107329   0.0   0.0005411783854166667   0.0  
D:\Huy\datasets\ahuyboom\nor\img\1173.png   10.326267767081692   0.11434714246118569   0.0007813771565755208   0.0  
D:\Huy\datasets\ahuyboom\nor\img\1174.png   9.340226657217318   1.2905395331169638   0.0022023518880208335   0.0  
D:\Huy\datasets\ahuyboom\nor\img\1175.png   11.165467864093035   0.9872330770601985   0.0007200876871744791   0.5  
D:\Huy\datasets\ahuyboom\nor\img\1176.png   9.755496403913941   0.5102639456506063   0.0012318929036458333   0.0  
D:\Huy\datasets\ahuyboom\nor\img\1177.png   10.425091163942767   0.0   0.0007273356119791666   0.0  
D:\Huy\datasets\ahuyboom\nor\img\1178.png   10.431833442266303   1.107223443573172   0.0010528564453125   0.5  
D:\Huy\datasets\ahuyboom\nor\img\1179.png   9.506682209450677   1.2403529196041534   0.0021453857421875   0.0  
D:\Huy\datasets\ahuyboom\nor\img\1180.png   10.735089526735653   0.4575555512067435   0.000616455078125   0.0  
D:\Huy\datasets\ahuyboom\nor\img\1181.png   11.158697746019058   0.0   0.0004374186197916667   0.0  
D:\Huy\datasets\ahuyboom\nor\img\1182.png   11.288883499658475   0.03304459522888603   0.00047607421875000004   1.0  
D:\Huy\datasets\ahuyboom\nor\img\1183.png   9.752127994041373   1.1889783169050565   0.0015762329101562502   0.0  
D:\Huy\datasets\ahuyboom\nor\img\1184.png   8.78653917999585   1.1685834752573143   0.0028549194335937503   0.0  
D:\Huy\datasets\ahuyboom\nor\img\1185.png   11.414712232963163   0.44260681778905386   0.0005260891384548612   0.6666666666666666  
D:\Huy\datasets\ahuyboom\nor\img\1186.png   11.840841579332508   0.08876909277609357   0.00027313232421875   0.0  
D:\Huy\datasets\ahuyboom\nor\img\1187.png   8.609746782359624   1.7625538016588571   0.005015733506944444   0.0  
D:\Huy\datasets\ahuyboom\nor\img\1188.png   11.301603197889506   1.2670821861815396   0.0007954915364583332   0.6666666666666666  
D:\Huy\datasets\ahuyboom\nor\img\1189.png   10.446020612734701   0.22253259675902823   0.0025273640950520832   0.5  
D:\Huy\datasets\ahuyboom\nor\img\1190.png   11.692571474807753   0.0   0.0003021240234375   0.0  
D:\Huy\datasets\ahuyboom\nor\img\1191.png   10.590522540629301   1.116695710142853   0.0008527119954427084   0.0  
D:\Huy\datasets\ahuyboom\nor\img\1192.png   8.861342760371098   1.4245249369549244   0.003088633219401041   0.0  
D:\Huy\datasets\ahuyboom\nor\img\1193.png   11.036525876025115   0.0   0.00047607421875   0.0  
D:\Huy\datasets\ahuyboom\nor\img\1194.png   9.634208956637385   1.8548291240852355   0.002449798583984375   0.0  
D:\Huy\datasets\ahuyboom\nor\img\1195.png   10.199834328498456   1.6221270891689172   0.0016435411241319444   0.0  
D:\Huy\datasets\ahuyboom\nor\img\1196.png   10.27753397552891   0.0   0.0008056640625   0.0  
D:\Huy\datasets\ahuyboom\nor\img\1197.png   10.943999581450473   0.42622414105565065   0.0005325317382812501   0.0  
D:\Huy\datasets\ahuyboom\nor\img\1198.png   10.682731940714369   0.38997685392869313   0.0010069105360243056   0.6666666666666666  
D:\Huy\datasets\ahuyboom\nor\img\1199.png   9.501910405457345   1.4092848555293975   0.0022905137803819445   0.0  
D:\Huy\datasets\ahuyboom\nor\img\120.png   8.964339478879937   1.059350622052731   0.0032925574235505737   0.4  
D:\Huy\datasets\ahuyboom\nor\img\1200.png   10.2742059460047   0.4881362677110573   0.0008578830295138889   0.0  
D:\Huy\datasets\ahuyboom\nor\img\1201.png   11.457064622332695   0.501458741691148   0.00037740071614583335   0.0  
D:\Huy\datasets\ahuyboom\nor\img\1202.png   11.60768257722124   0.0   0.0003204345703125   0.0  
D:\Huy\datasets\ahuyboom\nor\img\1203.png   11.911240398701093   0.7288636562125248   0.00029347737630208335   0.0  
D:\Huy\datasets\ahuyboom\nor\img\1204.png   11.352904175792828   0.522159493812907   0.0004114786783854167   0.0  
D:\Huy\datasets\ahuyboom\nor\img\1205.png   11.307668074882338   0.04463366904854382   0.0003946940104166667   0.0  
D:\Huy\datasets\ahuyboom\nor\img\1207.png   11.61181638521304   0.8521307145467505   0.00037689208984375   0.0  
D:\Huy\datasets\ahuyboom\nor\img\1208.png   10.241132130631675   2.4061797963058775   0.0021104600694444443   0.0  
D:\Huy\datasets\ahuyboom\nor\img\1209.png   11.299026938011732   0.34342105737018525   0.000408172607421875   0.0  
D:\Huy\datasets\ahuyboom\nor\img\1210.png   9.919696753805049   0.7581218451493871   0.001877339680989583   0.6666666666666666  
D:\Huy\datasets\ahuyboom\nor\img\1211.png   9.628511014653597   1.108989390598537   0.001746495564778646   0.0  
D:\Huy\datasets\ahuyboom\nor\img\1212.png   9.755879078611352   0.17373159349724965   0.001165008544921875   0.0  
D:\Huy\datasets\ahuyboom\nor\img\1213.png   10.542994034746664   1.2021805007981492   0.0018308851453993056   0.6666666666666666  
D:\Huy\datasets\ahuyboom\nor\img\1214.png   10.765839399605163   0.10696576400105684   0.0005759345160590278   0.0  
D:\Huy\datasets\ahuyboom\nor\img\1215.png   11.448166901988651   0.8325993877797147   0.00042508443196614585   0.0  
D:\Huy\datasets\ahuyboom\nor\img\1216.png   11.492406284056106   0.5862629257229584   0.0003971099853515625   0.5  
D:\Huy\datasets\ahuyboom\nor\img\1217.png   11.234465253637023   0.0   0.0004150390625   0.0  
D:\Huy\datasets\ahuyboom\nor\img\1218.png   10.269360044083209   0.0   0.00081024169921875   0.0  
D:\Huy\datasets\ahuyboom\nor\img\1219.png   11.379413589548122   0.0   0.0003753662109375   0.0  
D:\Huy\datasets\ahuyboom\nor\img\1220.png   10.555003295905593   0.4824525948495412   0.0007029215494791667   0.0  
D:\Huy\datasets\ahuyboom\nor\img\1221.png   9.432957998395606   0.047667842510813685   0.0014475504557291668   0.0  
D:\Huy\datasets\ahuyboom\nor\img\1222.png   10.713720935644615   0.4533890501906441   0.0008570353190104167   1.0  
D:\Huy\datasets\ahuyboom\nor\img\1223.png   10.133039197324102   1.4109041903250634   0.0015675862630208333   0.6666666666666666  
D:\Huy\datasets\ahuyboom\nor\img\1224.png   8.260146050214932   1.6183242874834325   0.005452728271484375   0.0  
D:\Huy\datasets\ahuyboom\nor\img\1225.png   9.849179397687173   1.804663964987365   0.0018714057074652778   0.6666666666666666  
D:\Huy\datasets\ahuyboom\nor\img\1226.png   8.877603368640273   0.0   0.0021260579427083335   0.0  
D:\Huy\datasets\ahuyboom\nor\img\1227.png   8.033062020721543   0.0   0.0038177490234375   0.0  
D:\Huy\datasets\ahuyboom\nor\img\1228.png   8.846637017641486   0.5883529917194813   0.0023390028211805556   0.0  
D:\Huy\datasets\ahuyboom\nor\img\1231.png   11.864996645198666   1.699240180217578   0.00065460205078125   0.5  
D:\Huy\datasets\ahuyboom\nor\img\1232.png   11.329273946259438   0.32022880665642983   0.00039825439453125   0.0  
D:\Huy\datasets\ahuyboom\nor\img\1233.png   10.642089484007498   1.5800612624894679   0.002330186631944445   0.6666666666666666  
D:\Huy\datasets\ahuyboom\nor\img\1234.png   10.733213459305098   0.0   0.00058746337890625   0.0  
D:\Huy\datasets\ahuyboom\nor\img\1235.png   9.757179251019927   0.9898400078102023   0.0014383951822916667   0.0  
D:\Huy\datasets\ahuyboom\nor\img\1236.png   8.07887086591031   3.1520332575559102   0.01625048319498698   0.0  
D:\Huy\datasets\ahuyboom\nor\img\1237.png   11.024559352566564   0.9265583510591799   0.0006000094943576389   0.0  
D:\Huy\datasets\ahuyboom\nor\img\1238.png   10.206450877467427   0.0   0.0008463541666666667   0.0  
D:\Huy\datasets\ahuyboom\nor\img\1239.png   10.691946312166642   0.5553415998793064   0.0007488250732421875   0.5  
D:\Huy\datasets\ahuyboom\nor\img\1241.png   9.657777629933559   0.44175804361735427   0.0012964884440104167   0.0  
D:\Huy\datasets\ahuyboom\nor\img\1242.png   9.883595004577282   0.31563215414359236   0.0010852389865451389   0.0  
D:\Huy\datasets\ahuyboom\nor\img\1243.png   10.269701857917987   0.3795889880809033   0.000837368435329861   0.0  
D:\Huy\datasets\ahuyboom\nor\img\1245.png   10.274804182773337   0.0   0.00080718994140625   0.0  
D:\Huy\datasets\ahuyboom\nor\img\1246.png   9.985145039062457   0.31624725463002756   0.0010106404622395833   0.0  
D:\Huy\datasets\ahuyboom\nor\img\1247.png   9.56037765073875   0.34844656137157315   0.0013651529947916665   0.0  
D:\Huy\datasets\ahuyboom\nor\img\1248.png   9.747094343368532   1.3335088132592299   0.001926506890190972   0.6666666666666666  
D:\Huy\datasets\ahuyboom\nor\img\1249.png   9.610839709886829   0.09324595636853412   0.0012815687391493056   0.0  
D:\Huy\datasets\ahuyboom\nor\img\1250.png   9.857973868845223   0.1650905688812816   0.0010847303602430556   0.0  
D:\Huy\datasets\ahuyboom\nor\img\1251.png   10.462153467844598   2.7723117857924175   0.01435394287109375   1.0  
D:\Huy\datasets\ahuyboom\nor\img\1252.png   10.081004674220782   0.865126584969971   0.0024593353271484372   0.5  
D:\Huy\datasets\ahuyboom\nor\img\1253.png   10.950036824721984   0.1239637567217926   0.000507354736328125   0.0  
D:\Huy\datasets\ahuyboom\nor\img\1254.png   8.901378142820386   0.3047167118410096   0.0032226562500000003   0.6666666666666666  
D:\Huy\datasets\ahuyboom\nor\img\1255.png   8.01662631858741   0.0   0.0038614908854166666   0.0  
D:\Huy\datasets\ahuyboom\nor\img\1256.png   10.540568381362704   0.0   0.00067138671875   0.0  
D:\Huy\datasets\ahuyboom\nor\img\1257.png   10.951791206386517   0.7674276923177001   0.0005881415473090278   0.0  
D:\Huy\datasets\ahuyboom\nor\img\1258.png   11.640104054913618   0.0   0.00031331380208333336   0.0  
D:\Huy\datasets\ahuyboom\nor\img\1259.png   10.788614131218857   0.7418640666800557   0.0006503634982638889   0.0  
D:\Huy\datasets\ahuyboom\nor\img\1260.png   10.772805795204107   0.15823683239762687   0.0005750020345052084   0.0  
D:\Huy\datasets\ahuyboom\nor\img\1261.png   10.803602787196496   0.0   0.0005594889322916666   0.0  
D:\Huy\datasets\ahuyboom\nor\img\1262.png   11.09874181743939   0.3466693308829738   0.000469207763671875   0.0  
D:\Huy\datasets\ahuyboom\nor\img\1263.png   8.747205340118297   2.909386837583888   0.008896891276041666   0.0  
D:\Huy\datasets\ahuyboom\nor\img\1264.png   8.162225335299013   2.047657417203404   0.006290054321289063   0.0  
D:\Huy\datasets\ahuyboom\nor\img\1265.png   9.179026192846646   1.055677998237892   0.0022857666015624997   0.0  
D:\Huy\datasets\ahuyboom\nor\img\1266.png   12.702526705353112   0.02445480024047253   0.00015004475911458332   0.0  
D:\Huy\datasets\ahuyboom\nor\img\1267.png   12.024299354162846   0.012226521862269912   0.00024007161458333335   0.0  
D:\Huy\datasets\ahuyboom\nor\img\1268.png   10.842147830858263   0.0   0.00054473876953125   0.0  
D:\Huy\datasets\ahuyboom\nor\img\1269.png   13.267665866498277   0.11566277305322803   0.00010172526041666667   0.0  
D:\Huy\datasets\ahuyboom\nor\img\1270.png   11.628587710556564   0.5521149523016416   0.0003407796223958333   0.0  
D:\Huy\datasets\ahuyboom\nor\img\1271.png   9.593650293494617   1.2657142563495025   0.0018112182617187498   0.0  
D:\Huy\datasets\ahuyboom\nor\img\1272.png   9.769022486322594   2.3051606100843665   0.0047607421875   0.5  
D:\Huy\datasets\ahuyboom\nor\img\1273.png   8.364175674534529   2.172134713308847   0.007886250813802084   0.0  
D:\Huy\datasets\ahuyboom\nor\img\1275.png   9.965633249545927   0.7613482560476568   0.0011426289876302082   0.0  
D:\Huy\datasets\ahuyboom\nor\img\1276.png   9.911847180921256   1.3151693492446348   0.0015558878580729167   0.0  
D:\Huy\datasets\ahuyboom\nor\img\1278.png   9.89479789704958   1.007766102420936   0.0013584136962890624   0.0  
D:\Huy\datasets\ahuyboom\nor\img\1279.png   9.24599983716611   1.078042780777687   0.0022164238823784723   0.0  
D:\Huy\datasets\ahuyboom\nor\img\1280.png   10.906905296766903   0.4056444901298717   0.0005403306749131946   0.0  
D:\Huy\datasets\ahuyboom\nor\img\1282.png   10.366986200207021   1.9043715756156658   0.00131072998046875   0.0  
D:\Huy\datasets\ahuyboom\nor\img\1283.png   11.182376742488568   0.0   0.0004302978515625   0.0  
D:\Huy\datasets\ahuyboom\nor\img\1284.png   8.069175880042073   1.199953651953936   0.004807154337565104   0.0  
D:\Huy\datasets\ahuyboom\nor\img\1285.png   9.577949674860454   0.17650370917529784   0.0013186136881510415   0.0  
D:\Huy\datasets\ahuyboom\nor\img\1286.png   11.830074998557688   0.0   0.000274658203125   0.0  
D:\Huy\datasets\ahuyboom\nor\img\1287.png   8.826140876891017   0.6965055964744229   0.002465057373046875   0.0  
D:\Huy\datasets\ahuyboom\nor\img\1288.png   10.33812857738656   0.042262779085392665   0.000772857666015625   0.0  
D:\Huy\datasets\ahuyboom\nor\img\1289.png   10.752072486556415   0.0   0.000579833984375   0.0  
D:\Huy\datasets\ahuyboom\nor\img\1290.png   10.548963210344628   1.1656345707931228   0.0008974711100260417   0.0  
D:\Huy\datasets\ahuyboom\nor\img\1291.png   10.441391962236057   0.7270526556438446   0.000818634033203125   0.0  
D:\Huy\datasets\ahuyboom\nor\img\1292.png   10.991150373653483   0.2863836018754258   0.0005009969075520833   0.0  
D:\Huy\datasets\ahuyboom\nor\img\1293.png   11.387058887920393   0.20468214543182484   0.0005266825358072917   1.0  
D:\Huy\datasets\ahuyboom\nor\img\1294.png   11.544946821873276   0.0   0.00033467610677083334   0.0  
D:\Huy\datasets\ahuyboom\nor\img\1295.png   10.720215855038628   0.25003680156732155   0.0006017049153645834   0.0  
D:\Huy\datasets\ahuyboom\nor\img\1296.png   10.768618795436298   0.0   0.0005732218424479167   0.0  
D:\Huy\datasets\ahuyboom\nor\img\1297.png   11.707218250772154   0.0   0.000299072265625   0.0  
D:\Huy\datasets\ahuyboom\nor\img\1298.png   11.75127698393888   0.28183731523138245   0.0004148695203993055   0.6666666666666666  
D:\Huy\datasets\ahuyboom\nor\img\1299.png   10.958523364023842   0.0   0.0005025227864583333   0.0  
D:\Huy\datasets\ahuyboom\nor\img\1300.png   9.859898158425814   3.917709420237743   0.0303131103515625   1.0  
D:\Huy\datasets\ahuyboom\nor\img\1301.png   10.149305285079931   0.45621313719600276   0.0009935167100694445   0.6666666666666666  
D:\Huy\datasets\ahuyboom\nor\img\1302.png   11.542095515083028   1.9299583738719197   0.0008275349934895832   0.0  
D:\Huy\datasets\ahuyboom\nor\img\1303.png   10.097378333142554   2.1903557886486476   0.0033466339111328123   0.0  
D:\Huy\datasets\ahuyboom\nor\img\1304.png   10.884522782580063   0.0   0.0005289713541666666   0.0  
D:\Huy\datasets\ahuyboom\nor\img\1305.png   11.54402522705256   0.7767838787116734   0.0003816392686631944   0.0  
D:\Huy\datasets\ahuyboom\nor\img\1306.png   10.348436378552154   0.6754802841043999   0.0008822970920138889   0.6666666666666666  
D:\Huy\datasets\ahuyboom\nor\img\1307.png   10.093194905031224   1.4031534852569973   0.0012929280598958333   0.0  
D:\Huy\datasets\ahuyboom\nor\img\1308.png   8.576513103223485   2.453878379393965   0.011487960815429688   0.0  
D:\Huy\datasets\ahuyboom\nor\img\1309.png   9.167187115242456   0.3295474789409938   0.0017837524414062499   0.0  
D:\Huy\datasets\ahuyboom\nor\img\1310.png   9.492639893667713   1.0823414739062152   0.0018829345703125003   0.6666666666666666  
D:\Huy\datasets\ahuyboom\nor\img\1311.png   9.636937052848808   0.01197648419573305   0.0012560526529947916   0.0  
D:\Huy\datasets\ahuyboom\nor\img\1312.png   9.037002350493655   1.3880888134491132   0.0028549194335937503   0.0  
D:\Huy\datasets\ahuyboom\nor\img\1313.png   8.539648822186932   1.5373584041058863   0.005609639485677084   0.6666666666666666  
D:\Huy\datasets\ahuyboom\nor\img\1314.png   10.464020898973823   0.43376866408524967   0.0007425944010416666   0.0  
D:\Huy\datasets\ahuyboom\nor\img\1315.png   10.459331517921646   0.6629242321293525   0.000786590576171875   0.0  
D:\Huy\datasets\ahuyboom\nor\img\1316.png   10.099497323458708   0.8918526552653259   0.0010912577311197919   0.0  
D:\Huy\datasets\ahuyboom\nor\img\1317.png   9.4553523181781   1.0795804415324683   0.0027665879991319443   0.6666666666666666  
D:\Huy\datasets\ahuyboom\nor\img\1318.png   9.36879996931959   1.032680492485745   0.0020540873209635418   0.0  
D:\Huy\datasets\ahuyboom\nor\img\1319.png   11.018913484445147   0.0038065920549374965   0.00048192342122395837   0.0  
D:\Huy\datasets\ahuyboom\nor\img\1321.png   9.772862873386293   0.7842793077448786   0.0013256496853298611   0.0  
D:\Huy\datasets\ahuyboom\nor\img\1322.png   8.939423208238152   1.3825048866492096   0.0030459086100260418   0.0  
D:\Huy\datasets\ahuyboom\nor\img\1323.png   10.884522782580063   0.0   0.0005289713541666666   0.0  
D:\Huy\datasets\ahuyboom\nor\img\1324.png   9.967039522026232   0.16671186686259531   0.0010058085123697917   0.0  
D:\Huy\datasets\ahuyboom\nor\img\1325.png   9.173627630532595   0.9589384385333581   0.0021981133355034725   0.0  
D:\Huy\datasets\ahuyboom\nor\img\1326.png   10.390348083485575   0.9855253377465768   0.0010847727457682292   0.5  
D:\Huy\datasets\ahuyboom\nor\img\1328.png   9.769075487899533   0.20689437506519673   0.0011770884195963544   0.5  
D:\Huy\datasets\ahuyboom\nor\img\1329.png   9.949788554046233   0.0   0.0010111490885416667   0.0  
D:\Huy\datasets\ahuyboom\nor\img\1330.png   9.815172702526997   0.033049642740951235   0.0011103312174479167   0.0  
D:\Huy\datasets\ahuyboom\nor\img\1331.png   9.816780604523423   0.30220743169366493   0.0011332194010416667   0.0  
D:\Huy\datasets\ahuyboom\nor\img\1332.png   8.32646147936592   0.02296541464477464   0.0031155904134114584   0.0  
D:\Huy\datasets\ahuyboom\nor\img\1333.png   10.17044801826317   0.3376988854071561   0.0008916219075520833   0.0  
D:\Huy\datasets\ahuyboom\nor\img\1335.png   9.232815858624557   0.8108567871091382   0.001965671115451389   0.0  
D:\Huy\datasets\ahuyboom\nor\img\1336.png   9.813714819044502   0.4269517737608366   0.0011601765950520833   0.0  
D:\Huy\datasets\ahuyboom\nor\img\1337.png   9.938007011264359   0.6732109741682173   0.0011427137586805557   0.0  
D:\Huy\datasets\ahuyboom\nor\img\1338.png   9.745791518096343   0.9384796550397112   0.0015062120225694444   0.6666666666666666  
D:\Huy\datasets\ahuyboom\nor\img\1339.png   9.909271915343059   0.2704638249321091   0.0010594685872395834   0.0  
D:\Huy\datasets\ahuyboom\nor\img\1340.png   10.369405432260564   1.226768949309945   0.0009986029730902778   0.0  
D:\Huy\datasets\ahuyboom\nor\img\1341.png   11.316780604523423   0.11032972705599597   0.00039316813151041665   0.0  
D:\Huy\datasets\ahuyboom\nor\img\1342.png   10.1735815404349   0.620614078766698   0.00094451904296875   0.0  
D:\Huy\datasets\ahuyboom\nor\img\1343.png   8.813473031220559   0.0   0.0022226969401041665   0.0  
D:\Huy\datasets\ahuyboom\nor\img\1344.png   9.640070769922513   0.2832305756648592   0.001277923583984375   0.0  
D:\Huy\datasets\ahuyboom\nor\img\1345.png   10.722449822511473   0.09168363217719211   0.0005930582682291667   0.0  
D:\Huy\datasets\ahuyboom\nor\img\1346.png   11.012072832300575   0.0   0.00048421223958333335   0.0  
D:\Huy\datasets\ahuyboom\nor\img\1347.png   12.30538280410068   0.7421272715692468   0.00022159152560763886   0.0  
D:\Huy\datasets\ahuyboom\nor\img\1348.png   11.008236150915188   0.44277911193138497   0.0009276072184244792   0.5  
D:\Huy\datasets\ahuyboom\nor\img\1349.png   11.934698232968232   0.1308706742902003   0.0003378974066840278   0.6666666666666666  
D:\Huy\datasets\ahuyboom\nor\img\1350.png   12.04987854313184   0.052881031293362746   0.00025482177734375   1.0  
D:\Huy\datasets\ahuyboom\nor\img\1351.png   13.33543820185422   3.4015273923119915   0.001239013671875   1.0  
D:\Huy\datasets\ahuyboom\nor\img\1352.png   9.131517202916896   1.1315172029168972   0.0023600260416666665   0.0  
D:\Huy\datasets\ahuyboom\nor\img\1354.png   9.562443240602052   0.42962195967381145   0.0013827853732638889   0.0  
D:\Huy\datasets\ahuyboom\nor\img\1355.png   10.640104054913618   0.0   0.0006266276041666667   0.0  
D:\Huy\datasets\ahuyboom\nor\img\1356.png   9.526132022513533   0.30661711034248107   0.00138702392578125   0.0  
D:\Huy\datasets\ahuyboom\nor\img\1357.png   9.61916361337358   1.3694672935130532   0.002257537841796875   0.5  
D:\Huy\datasets\ahuyboom\nor\img\1359.png   9.504153281994695   0.9563039730987186   0.0025210062662760417   0.5  
D:\Huy\datasets\ahuyboom\nor\img\1360.png   8.821467406243354   0.7649815617991171   0.0029131571451822915   0.5  
D:\Huy\datasets\ahuyboom\nor\img\1361.png   10.110164750417283   1.3896614232609708   0.00159912109375   0.5  
D:\Huy\datasets\ahuyboom\nor\img\1362.png   9.820852515084368   0.4340894698007025   0.0029744466145833334   1.0  
D:\Huy\datasets\ahuyboom\nor\img\1363.png   10.17817761839888   0.5224200838168279   0.002825164794921875   1.5  
D:\Huy\datasets\ahuyboom\nor\img\1364.png   9.84539180589953   1.4276983270128318   0.0019574483235677083   0.0  
D:\Huy\datasets\ahuyboom\nor\img\1365.png   10.281607321718864   0.7910090316077996   0.0009175618489583333   0.0  
D:\Huy\datasets\ahuyboom\nor\img\1367.png   10.212850472770233   0.2293970408780864   0.0008533053927951389   0.0  
D:\Huy\datasets\ahuyboom\nor\img\1369.png   10.22779670479686   0.5057526599640089   0.0008875528971354166   0.0  
D:\Huy\datasets\ahuyboom\nor\img\137.png   8.18117677113393   2.7034718333674657   0.02499953670758465   0.8571428571428571  
D:\Huy\datasets\ahuyboom\nor\img\1370.png   9.397485630487644   0.5617862139441083   0.0021127065022786455   1.0  
D:\Huy\datasets\ahuyboom\nor\img\1373.png   8.581721588076983   0.6746635542962123   0.0029581705729166668   0.0  
D:\Huy\datasets\ahuyboom\nor\img\1374.png   9.466820516817506   0.3767280379620959   0.001978302001953125   0.5  
D:\Huy\datasets\ahuyboom\nor\img\1375.png   8.764100239037527   0.43001191991799337   0.002397918701171875   0.0  
D:\Huy\datasets\ahuyboom\nor\img\1378.png   8.308906556957977   0.4193328151294277   0.0032890319824218747   0.0  
D:\Huy\datasets\ahuyboom\nor\img\1379.png   8.649974179735437   0.6057461168687603   0.004840257432725694   1.3333333333333333  
D:\Huy\datasets\ahuyboom\nor\img\1380.png   8.669501959000332   0.8295497678114899   0.002969233194986979   0.0  
D:\Huy\datasets\ahuyboom\nor\img\1383.png   9.397728193097914   0.8939001688756337   0.0018220689561631944   0.0  
D:\Huy\datasets\ahuyboom\nor\img\1384.png   11.239121270394868   0.05674452790629925   0.0004140218098958333   0.0  
D:\Huy\datasets\ahuyboom\nor\img\1385.png   11.553671473929219   0.19895709829096037   0.0003358629014756944   0.0  
D:\Huy\datasets\ahuyboom\nor\img\1386.png   8.949411877206744   1.4769901049167817   0.0033747355143229174   0.0  
D:\Huy\datasets\ahuyboom\nor\img\1387.png   10.697445463083534   0.13262953547415357   0.0006047566731770833   0.0  
D:\Huy\datasets\ahuyboom\nor\img\1388.png   10.412266971558012   0.6625550109593027   0.000806850857204861   0.0  
D:\Huy\datasets\ahuyboom\nor\img\1389.png   10.34375345669927   0.6417601145121514   0.0008611043294270834   0.0  
D:\Huy\datasets\ahuyboom\nor\img\1390.png   11.136942021141774   0.1278968815387671   0.0004458109537760417   0.0  
D:\Huy\datasets\ahuyboom\nor\img\1391.png   10.467973033186453   0.2658575793600607   0.0007865058051215278   0.6666666666666666  
D:\Huy\datasets\ahuyboom\nor\img\1393.png   9.912898466128617   0.6672101494184645   0.0016090393066406248   0.5  
D:\Huy\datasets\ahuyboom\nor\img\1394.png   9.439076957297829   1.0971018959246197   0.0020360310872395834   0.0  
D:\Huy\datasets\ahuyboom\nor\img\1395.png   11.537000290721888   0.12196279144304434   0.0003377278645833333   0.0  
D:\Huy\datasets\ahuyboom\nor\img\1396.png   9.230006850292222   0.7763135174318243   0.002217737833658854   1.0  
D:\Huy\datasets\ahuyboom\nor\img\1397.png   10.096125031453505   1.100983285055965   0.001253509521484375   0.0  
D:\Huy\datasets\ahuyboom\nor\img\1398.png   9.305035801833201   0.6518860698950415   0.0019177754720052084   0.5  
D:\Huy\datasets\ahuyboom\nor\img\1399.png   9.64118730899813   0.6846834224708442   0.0036276499430338543   1.5  
D:\Huy\datasets\ahuyboom\nor\img\1400.png   10.24653658321374   2.450153556877701   0.004112752278645834   0.0  
D:\Huy\datasets\ahuyboom\nor\img\1401.png   12.19839289736131   0.2572865864148799   0.0003687540690104167   1.0  
D:\Huy\datasets\ahuyboom\nor\img\1402.png   10.103605891845948   1.0982627403722351   0.0013022104899088542   0.5  
D:\Huy\datasets\ahuyboom\nor\img\1403.png   10.237602916350266   0.6276285276210372   0.0013971964518229166   1.0  
D:\Huy\datasets\ahuyboom\nor\img\1404.png   9.222590388579858   0.12304059094069267   0.00188140869140625   0.6666666666666666  
D:\Huy\datasets\ahuyboom\nor\img\1405.png   9.26665373036223   0.21502096194690612   0.0017382303873697917   1.0  
D:\Huy\datasets\ahuyboom\nor\img\1408.png   8.329052979028289   0.05697343359148732   0.005457305908203125   1.0  
D:\Huy\datasets\ahuyboom\nor\img\1411.png   8.44141069364186   0.6121703465629844   0.003139495849609375   0.0  
D:\Huy\datasets\ahuyboom\nor\img\1412.png   9.444899645022947   0.0   0.0014348347981770833   0.0  
D:\Huy\datasets\ahuyboom\nor\img\1413.png   9.315712217469105   0.25962494547133025   0.0019336700439453124   0.5  
D:\Huy\datasets\ahuyboom\nor\img\1414.png   8.070285991606472   0.7567865187896912   0.004244232177734375   0.0  
D:\Huy\datasets\ahuyboom\nor\img\1415.png   9.577437766000088   0.3489651973652805   0.0020299275716145833   0.5  
D:\Huy\datasets\ahuyboom\nor\img\1416.png   8.906039505426003   0.3805786312964812   0.005773756239149306   2.0  
D:\Huy\datasets\ahuyboom\nor\img\1417.png   9.285601033899638   0.727029797158903   0.0023273468017578126   1.0  
D:\Huy\datasets\ahuyboom\nor\img\1418.png   8.77339505584014   0.8080779579169289   0.0027077992757161455   0.0  
D:\Huy\datasets\ahuyboom\nor\img\1419.png   8.763507381618698   0.0   0.002301025390625   0.0  
D:\Huy\datasets\ahuyboom\nor\img\1420.png   8.582927448428874   1.1298219083165102   0.003449249267578125   0.0  
D:\Huy\datasets\ahuyboom\nor\img\1421.png   10.107608974086597   0.0   0.0009063720703125   0.0  
D:\Huy\datasets\ahuyboom\nor\img\1422.png   8.273418280111851   1.5972987029431804   0.018698628743489584   1.0  
D:\Huy\datasets\ahuyboom\nor\img\1423.png   8.541952975187161   0.9710109447809399   0.0033139546712239584   0.0  
D:\Huy\datasets\ahuyboom\nor\img\1425.png   8.095086801026905   0.22402627825340327   0.005614725748697917   1.0  
D:\Huy\datasets\ahuyboom\nor\img\1426.png   8.069187546175183   0.5129599389389208   0.0072469075520833325   1.0  
D:\Huy\datasets\ahuyboom\nor\img\1428.png   8.02066254905889   0.6453965136084759   0.004205661349826389   0.0  
D:\Huy\datasets\ahuyboom\nor\img\1430.png   9.49464041097648   0.19278515974187874   0.0014681498209635417   0.5  
D:\Huy\datasets\ahuyboom\nor\img\1431.png   8.834839167727058   0.34202038784594646   0.0031200408935546874   1.0  
D:\Huy\datasets\ahuyboom\nor\img\1433.png   8.54856321992238   1.4470699530340003   0.004725011189778646   1.0  
D:\Huy\datasets\ahuyboom\nor\img\1434.png   8.916843126055033   0.18269254749588093   0.0024274190266927085   1.0  
D:\Huy\datasets\ahuyboom\nor\img\1436.png   8.410934849952254   0.7417995080573397   0.004656219482421875   0.5  
D:\Huy\datasets\ahuyboom\nor\img\1437.png   8.103784533768454   0.8190905819055234   0.004240544637044271   0.0  
D:\Huy\datasets\ahuyboom\nor\img\1438.png   11.25519718834874   0.7494791226626537   0.0012915717230902778   2.0  
D:\Huy\datasets\ahuyboom\nor\img\1439.png   10.727891387721664   0.13782559582797202   0.0006134033203124999   0.6666666666666666  
D:\Huy\datasets\ahuyboom\nor\img\1440.png   9.064349322285564   2.0881610443653655   0.006744003295898438   1.0  
D:\Huy\datasets\ahuyboom\nor\img\1441.png   8.438884453404825   0.04997252734232344   0.003824022081163194   0.6666666666666666  
D:\Huy\datasets\ahuyboom\nor\img\1442.png   9.988769308303493   1.7984093358417912   0.0023539225260416664   1.0  
D:\Huy\datasets\ahuyboom\nor\img\1443.png   9.166678464739134   0.5131159695314255   0.0018391927083333333   0.0  
D:\Huy\datasets\ahuyboom\nor\img\1444.png   8.970018127891716   0.5037519959571573   0.0021031697591145835   0.0  
D:\Huy\datasets\ahuyboom\nor\img\1445.png   8.365280161010448   1.3158128212468587   0.004812876383463542   0.0  
D:\Huy\datasets\ahuyboom\nor\img\1446.png   9.942972088742529   0.5369551418835331   0.0011535644531250001   0.5  
D:\Huy\datasets\ahuyboom\nor\img\1448.png   8.75968567066629   0.0   0.00230712890625   0.0  
D:\Huy\datasets\ahuyboom\nor\img\1451.png   8.934425886100312   0.31529981147728076   0.0020952012803819443   0.0  
D:\Huy\datasets\ahuyboom\nor\img\1509.png   9.98629400317834   0.07706805781908965   0.0019218921661376953   1.0  
D:\Huy\datasets\ahuyboom\nor\img\177.png   8.90987045057863   0.585897125798898   0.002261265082956259   0.15384615384615385  
D:\Huy\datasets\ahuyboom\nor\img\191.png   8.178705381273854   0.38163451173773233   0.0035685221354166668   0.0  
D:\Huy\datasets\ahuyboom\nor\img\192.png   8.869735859415083   1.8159973319435214   0.006192810457516339   0.0  
D:\Huy\datasets\ahuyboom\nor\img\204.png   8.100256896566199   1.1257917268008752   0.005307904411764705   0.6666666666666666  
